Export Channel Data with rate of 256 samples per second.

Client: 1225010 - mike ma	Channel Set: PI 2 EEG & Coherence.chs
Session Date: 28/08/2017		Session Time: 9:05:24 PM
Start Time: 00:00:00.000		End Time: 00:00:10.125

EEG-C,EEG-D
256,256
2.348,-1.864
2.645,-1.846
1.096,-1.972
-5.730,-3.555
-0.526,-0.176
5.096,3.259
4.524,6.287
6.782,6.411
8.543,2.280
7.864,-0.405
9.703,0.540
14.691,2.773
14.314,4.380
6.353,3.871
-8.942,3.493
-15.121,4.994
-6.951,5.566
-0.297,4.994
-2.032,6.198
-3.270,6.011
4.223,5.372
10.751,7.434
12.254,6.870
9.960,-3.489
10.289,-8.341
13.976,-1.694
12.466,4.219
7.576,5.169
2.453,5.429
-1.510,6.079
-0.603,4.334
-1.813,0.336
-2.737,0.403
-0.869,7.103
-0.305,9.512
3.564,4.772
5.356,0.166
2.119,2.441
0.728,7.393
0.648,8.486
-1.977,2.967
-6.057,-2.852
-7.986,-5.483
-4.832,-4.351
4.850,-2.889
14.718,-4.079
12.105,-4.955
-2.905,-6.580
-10.183,-9.768
-6.959,-11.692
-4.004,-13.005
-2.399,-13.624
-0.811,-10.523
-1.996,-5.545
-4.965,-5.580
-5.150,-7.203
-2.574,-5.238
-3.028,-2.506
-7.435,-4.597
-7.793,-7.912
-1.377,-6.337
6.888,-1.045
14.437,4.906
19.982,6.464
16.679,3.375
-5.763,-3.674
-16.726,-8.281
-6.877,-8.058
3.016,-6.308
8.772,-4.022
14.000,-0.323
11.264,2.024
0.283,0.792
-5.699,0.087
-2.180,1.025
4.162,0.905
9.258,-0.981
8.394,-2.888
0.667,-2.319
-1.712,-0.504
1.671,0.170
-4.624,-2.177
-11.731,-5.696
-6.905,-4.836
-0.343,-3.324
0.400,-4.539
-0.247,-3.110
2.062,1.065
5.423,2.817
1.655,1.257
-3.677,0.344
-3.385,1.663
-0.984,4.142
-0.073,5.021
-0.319,3.437
-0.577,1.061
0.591,0.523
4.399,1.562
9.239,1.530
5.171,1.459
-6.552,-0.404
-8.150,-1.794
-0.839,-1.289
5.120,2.823
7.549,5.347
9.431,4.010
2.020,2.592
-7.401,3.067
-6.625,3.643
1.271,5.935
11.531,10.572
15.520,9.371
3.898,0.600
-8.922,-4.033
-3.751,1.692
3.240,7.579
3.296,4.956
7.441,1.751
13.635,3.403
7.479,3.246
-8.331,-3.305
-16.323,-8.884
-13.702,-8.225
-6.444,-4.354
-1.600,-2.299
0.205,-0.403
-0.044,0.078
-2.214,-0.782
-6.356,-4.062
0.495,-4.131
11.738,2.217
6.905,6.558
1.487,5.653
-3.621,1.089
-11.397,-1.554
-7.202,0.185
0.355,3.402
3.242,5.663
0.146,3.477
-1.309,1.387
-0.248,1.287
-0.039,0.490
-4.764,-4.841
-9.369,-7.711
-6.835,-3.852
2.942,1.094
2.286,1.412
-8.298,-0.424
-6.692,0.509
4.720,3.916
5.306,5.461
-0.672,5.377
0.779,7.351
6.257,7.388
13.198,5.222
15.535,2.813
5.208,1.898
-3.081,5.769
-0.820,8.200
-0.390,2.639
-4.652,-2.933
-4.117,-1.044
7.775,5.073
18.917,6.569
14.810,4.109
5.224,1.820
3.493,-0.564
2.179,-4.799
-3.794,-6.280
-2.769,-2.679
0.203,1.112
-1.032,1.926
-1.183,2.500
0.692,5.255
2.755,8.500
6.028,9.705
11.778,10.181
14.024,10.151
8.396,8.110
5.615,6.516
8.314,3.589
7.213,-0.723
-3.678,-5.810
-9.593,-8.372
-0.508,-6.053
11.059,-1.557
12.382,3.225
1.276,6.272
-5.536,7.052
2.854,5.664
19.122,6.779
22.163,10.987
7.742,10.399
-1.961,3.259
5.796,0.935
14.626,4.072
7.334,2.176
-4.372,-3.695
-1.675,-4.590
7.725,1.121
9.496,6.096
9.036,5.287
8.036,1.603
-2.598,-2.563
-10.671,-5.636
-6.284,-2.551
1.918,4.459
8.833,10.195
10.318,11.375
9.549,7.751
8.350,3.118
2.914,3.087
0.579,6.699
0.362,5.761
4.915,2.780
10.341,2.617
4.655,2.843
-4.831,-0.521
-6.679,-5.945
-0.179,-8.306
3.380,-7.603
-3.148,-7.782
-5.273,-9.907
-2.652,-13.602
3.042,-12.104
14.059,-5.878
13.756,0.750
-3.051,7.520
-13.128,6.872
-8.060,-0.958
-2.325,-7.270
-2.832,-7.121
-2.855,-2.856
-5.745,-0.715
-7.772,-0.956
-4.179,-1.236
2.575,0.747
7.406,5.871
1.478,6.835
-6.560,1.569
-5.476,-4.202
0.607,-4.508
0.733,-4.148
-1.592,-4.176
-2.408,-2.014
-3.006,1.877
-1.344,5.443
5.460,9.800
3.076,10.756
-1.692,8.517
5.971,8.596
-0.274,10.472
-15.656,9.679
-13.694,9.259
-7.203,8.817
-9.283,5.780
-10.898,2.141
-7.650,-0.114
-4.297,0.047
-1.520,-0.734
-2.124,-5.277
-4.218,-7.113
-0.045,-1.459
5.078,2.558
4.974,1.129
3.839,-0.495
-2.474,-3.701
-11.977,-5.827
-7.511,-0.738
7.145,7.854
5.938,11.316
-12.167,7.695
-22.426,2.047
-17.439,1.636
-8.631,3.747
-4.507,3.212
-5.392,1.361
-3.906,0.939
-1.825,1.080
-5.266,-2.147
-5.691,-4.017
2.885,-2.572
8.905,-0.676
2.920,1.211
-7.268,-0.359
-10.645,-3.748
-6.546,-2.657
-2.254,-1.530
0.211,-0.993
1.659,-1.228
3.786,-4.696
-2.541,-6.494
-10.964,0.128
-8.035,6.928
0.423,6.047
9.990,1.448
21.491,-1.086
22.636,-0.461
5.383,0.601
-6.978,0.029
-5.716,-3.010
-3.618,-6.340
-1.793,-5.678
-0.438,-1.721
-1.632,-0.508
-2.432,-2.091
-4.528,-3.678
-0.102,-1.450
11.454,3.229
10.337,3.586
0.251,2.406
-6.313,2.670
-8.465,-0.004
-2.863,-5.431
0.616,-8.318
-5.667,-6.438
-10.877,-3.177
-3.193,-0.450
3.804,0.792
2.139,2.815
-0.435,2.854
-1.992,-2.107
-5.873,-10.204
-7.569,-15.031
-2.608,-14.474
1.041,-12.936
-3.421,-10.700
-8.395,-8.051
-2.451,-4.781
2.837,-1.140
-1.735,-2.391
-7.169,-5.820
-3.937,-8.213
4.120,-7.225
4.169,-3.867
-0.647,-1.843
-4.679,-2.197
-3.581,-0.861
-0.581,-0.227
-3.608,-2.417
-3.028,-0.781
5.391,2.604
5.129,-0.911
4.694,-0.554
13.192,5.616
9.500,5.795
-3.846,0.884
-4.369,-0.470
9.709,3.591
16.822,8.910
9.656,11.447
5.087,10.863
9.978,9.200
16.052,9.938
17.254,11.541
13.977,8.934
5.553,4.118
-0.180,-0.237
-1.894,-3.142
-0.187,-3.520
1.879,-2.586
-0.459,-4.647
-2.345,-5.141
2.144,-0.882
4.114,-1.982
0.065,-4.445
-0.777,-3.215
1.977,-4.387
-1.503,-5.226
-7.881,-3.387
-4.638,-0.961
7.793,2.026
10.830,0.464
1.636,-4.781
-6.244,-10.171
-5.192,-13.416
-5.956,-12.989
-14.897,-11.096
-15.190,-12.053
-4.715,-11.061
1.071,-8.887
-5.675,-8.590
-10.739,-8.676
-4.062,-6.951
4.546,-3.801
7.827,-1.458
5.927,-1.931
2.280,-3.360
-2.431,-5.691
-4.111,-8.126
1.976,-8.546
10.497,-6.630
9.174,-7.303
-0.441,-8.508
-0.127,-5.587
4.262,-4.283
-3.856,-7.994
-16.233,-11.600
-11.935,-8.184
6.725,-0.653
9.843,-0.148
-0.949,-2.671
-1.615,-1.401
4.679,3.696
-1.370,4.472
-7.217,2.123
-3.789,0.892
1.457,1.642
2.506,2.091
2.378,2.293
2.220,2.196
0.335,1.301
0.263,5.012
3.784,9.566
3.604,10.517
6.284,11.328
15.482,12.237
15.698,10.723
-0.441,6.799
-12.014,4.224
-4.824,4.599
2.749,5.014
3.321,5.850
5.249,6.269
10.030,5.958
8.745,6.942
1.440,7.464
-0.478,9.505
3.822,10.572
-0.436,4.606
-6.739,-1.784
-4.644,-0.031
-3.042,5.469
0.080,6.904
5.607,3.903
6.117,1.084
0.680,1.217
-0.157,2.067
5.212,3.717
5.828,6.683
-3.791,10.950
-1.810,17.813
14.507,25.376
14.069,22.870
0.099,14.054
-0.725,11.524
6.389,13.725
3.280,13.214
0.530,10.137
4.515,6.482
4.464,3.218
9.884,0.662
19.809,-1.852
13.993,-1.821
-2.405,2.413
-6.357,2.854
-0.042,1.099
5.243,3.943
6.272,7.532
1.992,5.654
-1.595,3.146
7.279,4.522
19.062,4.413
8.784,1.743
-7.656,4.166
-7.565,7.683
1.347,3.304
6.055,-2.757
1.257,-2.988
-1.938,1.910
0.443,-0.705
-1.273,-8.681
-1.072,-10.146
4.600,-5.875
1.689,-3.360
-6.653,-2.988
-5.492,-4.326
1.754,-7.699
9.097,-7.815
6.213,-3.945
-8.973,-6.007
-11.619,-10.686
0.907,-5.936
3.392,-0.103
-9.463,-3.723
-16.288,-8.173
-5.852,-3.799
4.160,0.118
0.322,-4.961
-5.431,-10.120
-3.649,-11.964
3.037,-10.830
0.179,-7.999
-4.293,-6.017
1.463,-3.530
7.985,-1.444
9.858,1.188
4.284,2.707
-0.352,1.973
2.000,1.276
3.984,-2.130
-3.539,-6.566
-11.146,-8.998
-9.613,-5.295
-4.428,-1.996
-3.362,-2.606
-1.538,-2.686
-0.751,-2.848
-1.755,-4.239
-1.272,-7.894
-0.262,-10.455
-5.827,-10.274
-12.855,-7.097
-5.135,-1.121
7.696,4.322
3.956,5.805
-6.604,3.417
-4.201,2.162
2.786,3.852
-0.460,5.004
-3.961,4.657
-1.798,3.314
2.125,0.126
2.798,-2.895
-0.804,-3.707
-1.420,-2.857
4.808,-2.379
6.126,-0.917
-0.311,1.992
-2.355,5.796
-6.025,3.998
-10.962,-2.822
-4.909,-3.790
2.636,0.467
-3.293,3.715
-1.585,7.289
10.689,10.538
14.350,9.587
5.613,5.161
-1.248,3.660
0.114,3.866
3.765,2.316
3.323,-0.913
-0.641,-2.414
0.326,-3.981
1.871,-6.465
-1.534,-8.976
-4.321,-8.517
2.545,-1.789
2.600,2.265
-2.765,1.803
-1.825,4.630
3.069,8.905
4.328,8.744
6.400,8.584
5.311,6.902
-0.624,4.737
-1.035,4.221
1.993,4.882
3.549,5.680
0.396,1.013
-4.417,-2.137
-10.034,-3.216
-13.723,-8.587
-9.439,-12.568
0.639,-10.960
2.170,-9.228
-4.414,-8.575
-5.639,-3.421
-2.173,4.061
-1.435,7.043
-3.102,3.466
-4.025,-3.808
-3.819,-7.644
2.153,-5.718
11.868,-2.318
19.794,5.069
23.072,7.204
20.024,-1.740
12.967,-7.579
14.122,-3.574
13.897,0.890
4.073,1.993
-1.590,0.748
1.510,-2.018
2.377,-3.408
-0.687,-3.231
-3.808,-3.257
-5.974,-2.927
-0.502,-0.720
3.600,4.158
0.984,6.033
-5.580,2.046
-11.416,1.365
-8.591,4.516
-1.113,4.757
3.486,2.137
5.490,-1.322
7.699,-3.517
4.510,-2.022
-2.614,-2.577
-6.486,-8.037
-9.008,-9.105
-9.602,-4.135
-9.013,-0.240
-7.851,-0.157
-7.544,0.859
-10.555,3.116
-11.681,-0.900
-6.067,-8.430
-2.704,-12.542
-3.802,-12.400
-5.122,-10.807
-8.417,-10.753
-7.738,-14.129
-4.320,-15.794
0.763,-11.065
6.976,-6.203
4.141,-7.507
-6.910,-11.551
-10.256,-10.584
-4.255,-6.371
1.504,-2.339
-0.142,2.327
-3.702,4.260
-0.042,7.342
4.834,10.794
1.042,11.115
-1.023,7.843
8.730,7.781
11.993,10.916
7.753,13.306
8.311,13.254
6.866,8.765
-0.939,4.215
-5.835,4.113
-8.942,3.200
-14.190,-0.207
-9.973,1.815
2.580,9.932
6.646,14.688
4.882,15.855
7.735,20.126
13.395,25.058
7.380,21.934
-1.108,13.703
2.516,10.409
10.886,12.835
8.352,10.918
-1.670,3.898
-0.214,1.917
8.521,6.327
7.965,8.506
0.490,4.271
-2.625,-0.700
0.573,-2.403
2.934,-3.124
3.112,-3.009
4.925,-2.157
5.313,-0.658
0.467,2.476
-4.527,2.690
0.287,1.837
13.337,3.606
9.378,2.786
-18.756,-0.786
-27.687,-0.678
-15.377,2.518
-4.095,2.809
-0.809,-0.392
-2.648,-4.435
-2.801,-7.064
-0.194,-8.071
-0.251,-9.689
-2.503,-11.498
-5.695,-14.089
-4.607,-12.669
-3.176,-8.844
-0.827,-4.595
0.789,-1.864
-0.524,-2.331
-2.351,-9.840
0.238,-15.697
6.250,-9.060
3.746,0.494
-6.588,0.171
-9.146,-4.172
-3.679,-5.202
2.424,-2.733
4.892,0.986
-4.769,2.277
-10.500,3.700
-4.317,4.164
3.027,-0.032
3.873,-3.375
-2.024,-2.280
-1.705,-1.503
8.295,1.234
8.741,5.440
5.443,10.876
10.328,12.312
15.267,5.354
4.195,-0.955
-14.322,-1.609
-13.473,3.002
0.709,10.550
8.301,13.078
7.532,9.301
6.732,9.721
7.460,16.439
6.915,20.119
4.604,18.657
7.485,19.227
5.211,18.511
1.379,16.331
3.826,17.717
5.944,18.700
4.187,18.366
-1.117,15.064
3.604,14.426
9.044,18.482
3.067,20.781
0.636,20.712
9.587,19.569
11.086,13.962
3.141,6.966
3.666,6.280
10.833,9.020
15.885,9.287
20.796,10.110
12.603,8.941
-5.649,4.902
-7.879,2.073
1.785,4.141
7.419,10.489
9.528,16.903
8.182,16.787
1.567,10.895
-1.580,9.928
7.734,18.222
12.892,23.809
4.541,17.931
3.195,12.707
12.885,15.341
13.137,16.307
0.915,12.821
-7.542,7.868
-3.041,4.827
5.708,4.540
1.163,3.514
-5.539,2.839
-0.264,4.226
5.310,6.612
6.021,6.323
7.082,1.883
7.583,-0.798
6.621,4.099
9.780,11.697
10.705,11.331
1.777,6.078
-4.097,5.673
4.182,10.375
10.429,9.124
3.020,1.582
-5.156,-2.005
-10.729,-2.155
-10.073,-3.393
-3.939,-4.143
0.150,-3.757
-0.840,-4.361
-7.532,-8.122
-12.389,-9.958
-9.192,-6.606
-0.930,-3.435
12.190,0.170
19.712,6.931
11.913,6.656
-5.900,-0.868
-18.732,-10.187
-14.235,-15.181
0.300,-13.011
1.568,-11.000
-11.028,-14.947
-14.937,-21.004
-4.732,-23.432
3.137,-24.088
1.811,-22.045
-5.996,-16.452
-16.115,-12.657
-20.488,-10.752
-10.190,-5.411
3.198,2.481
0.005,5.472
-8.105,2.907
-2.083,3.420
10.451,5.324
12.290,-0.319
-0.377,-7.617
-8.191,-6.530
-5.560,-4.443
-8.257,-15.456
-12.559,-25.674
-7.682,-21.433
-6.455,-17.423
-13.409,-22.288
-15.447,-25.614
-10.255,-21.071
-9.734,-13.984
-11.057,-7.746
-6.929,-4.559
-2.363,-0.466
0.880,7.895
2.946,15.912
4.220,17.756
8.673,12.214
12.461,5.343
19.179,5.311
31.074,13.445
26.936,15.437
8.859,3.025
-0.123,-10.989
0.494,-16.279
-17.055,-18.083
-40.648,-21.779
-48.237,-24.464
-42.950,-17.703
-36.163,-5.478
-29.059,2.249
-21.543,0.701
-9.770,-2.343
8.731,-0.276
17.146,2.900
19.287,4.787
29.311,8.551
29.280,11.217
14.025,8.745
14.520,10.001
22.793,11.979
17.498,7.161
5.617,-0.187
1.571,-4.688
-0.906,-7.052
-13.963,-7.684
-25.229,-7.552
-24.757,-5.690
-21.808,-2.193
-20.971,0.059
-15.144,-1.675
-6.349,-7.352
1.873,-8.080
11.176,-1.443
16.250,4.390
16.498,3.804
15.600,-4.394
15.069,-8.459
13.647,-3.406
9.935,2.313
6.375,1.495
3.482,-0.285
2.859,1.549
11.844,8.951
26.770,14.394
25.119,10.193
0.538,0.419
-14.465,-6.470
-11.760,-12.032
-4.559,-12.949
-3.010,-10.204
-5.989,-8.781
-3.380,-7.259
7.349,-4.050
15.023,-0.455
12.097,1.321
9.016,2.637
9.397,3.660
11.642,3.127
14.615,4.049
16.753,9.065
19.859,13.526
24.290,12.480
19.293,3.240
2.001,-2.640
-7.772,1.548
-9.379,3.156
-22.040,-5.796
-33.201,-13.032
-24.918,-8.848
-13.152,-2.857
-9.064,-4.830
-3.735,-9.935
-0.465,-14.085
-1.338,-14.540
6.739,-8.359
19.419,-0.980
19.097,-2.998
3.725,-12.137
-9.883,-16.180
-8.485,-12.394
1.485,-4.856
9.522,3.182
6.971,6.941
0.304,4.697
-0.363,1.123
0.914,2.946
1.809,8.711
4.039,8.353
9.759,0.183
10.052,-8.544
-2.688,-14.930
-16.068,-13.548
-19.814,-4.389
-14.419,6.940
-3.098,12.388
6.408,11.481
2.957,10.334
-9.511,9.563
-17.601,5.337
-22.314,-1.636
-22.042,-4.101
-9.776,1.455
6.286,6.681
9.026,2.359
11.734,-2.945
21.315,-4.135
20.864,-7.590
10.236,-14.358
6.173,-18.049
7.448,-15.111
6.602,-10.531
8.693,-7.395
12.244,-4.379
3.896,-4.356
-13.330,-6.092
-27.194,-7.217
-36.384,-3.282
-35.078,4.288
-36.935,4.729
-39.095,-1.735
-22.132,-6.049
-3.555,-6.135
-4.680,-7.004
-2.279,-7.848
15.537,-4.458
31.741,2.611
35.370,5.542
29.061,1.940
23.016,-0.833
14.996,-1.162
0.463,-2.790
-4.753,-2.155
3.898,3.450
4.774,8.758
-7.785,9.249
-14.339,7.979
-6.951,7.815
-3.978,4.488
-24.236,-7.569
-47.299,-17.135
-55.403,-17.473
-46.348,-11.220
-23.369,-1.979
-5.011,5.631
-5.623,8.016
-4.233,7.973
13.161,9.884
28.706,11.473
25.728,10.354
19.467,9.654
19.752,8.590
16.574,4.134
6.394,-4.364
4.969,-10.460
3.644,-13.353
-5.414,-16.840
-14.168,-19.786
-15.930,-21.899
-11.730,-21.033
-15.466,-16.626
-28.469,-17.737
-34.130,-20.708
-29.463,-19.950
-18.611,-15.608
-11.116,-15.036
-2.766,-16.489
10.548,-11.551
18.348,-1.600
8.696,2.997
-5.444,1.719
-4.544,3.805
7.711,9.793
12.402,13.084
12.871,14.010
15.737,15.175
11.522,14.257
2.216,9.606
0.534,5.354
2.236,5.095
-2.023,1.586
-14.186,-6.863
-26.554,-10.082
-28.494,-2.261
-19.971,7.366
-4.950,12.611
6.872,11.309
13.497,8.011
16.833,8.124
13.754,9.875
13.972,8.830
18.742,11.234
22.323,15.478
26.481,16.111
24.229,11.908
16.740,6.871
9.377,2.610
8.227,1.420
10.180,6.058
6.463,11.252
-5.312,11.214
-10.247,13.609
-4.581,15.286
2.230,10.400
10.278,7.521
6.887,6.501
-1.644,3.149
8.822,1.438
21.916,-0.416
19.201,-2.650
19.932,3.321
24.340,13.425
11.786,14.236
-1.009,8.486
3.236,7.985
7.846,10.996
7.351,13.306
6.537,11.758
3.780,1.754
-0.330,-10.462
-2.442,-14.385
-2.511,-10.495
1.694,-6.694
-1.044,-14.006
-9.424,-22.448
-10.194,-18.899
-6.108,-11.783
1.878,-7.829
8.672,-4.805
6.452,-1.894
-0.131,0.603
-3.541,0.990
4.009,-2.118
6.050,-9.266
-2.716,-16.075
-1.786,-17.964
-2.167,-19.224
-8.425,-18.071
-14.533,-14.314
-17.729,-10.683
-15.505,-8.768
-8.651,-6.078
1.992,0.299
7.442,-0.987
-1.287,-11.461
-3.953,-11.525
3.746,-4.272
1.831,-3.767
-0.132,-8.337
6.753,-11.273
9.147,-8.637
1.721,-5.148
-3.962,-5.900
-8.292,-7.178
-15.068,-7.691
-21.247,-7.560
-19.820,-5.385
-8.998,-0.549
-3.829,-1.373
-7.841,-7.870
-6.385,-12.581
3.071,-13.715
9.951,-9.745
12.298,-5.162
13.059,-4.663
14.497,-3.519
14.398,1.986
3.198,5.700
-1.259,7.559
5.661,13.637
3.163,22.982
-4.429,28.393
-7.854,26.439
-23.106,18.320
-34.193,10.996
-23.679,6.094
-16.442,-1.003
-17.286,-7.812
-12.973,-11.702
-1.462,-11.448
10.924,-3.718
15.507,6.945
13.396,13.752
12.712,16.006
20.007,20.277
27.168,26.377
17.302,25.107
-0.458,13.778
-7.763,-0.236
-3.732,-3.708
0.832,1.918
1.802,5.047
-4.381,2.623
-15.301,0.911
-25.633,2.715
-36.878,3.702
-39.739,6.229
-30.522,7.231
-18.455,4.862
-16.384,0.103
-11.361,-2.872
5.165,0.015
22.553,6.599
26.288,9.003
22.406,3.975
23.035,0.328
28.458,2.284
31.807,7.267
19.550,8.962
5.880,10.903
7.443,15.013
12.204,16.544
3.660,13.282
-13.187,6.999
-20.212,1.530
-14.502,-2.029
-10.861,-5.219
-16.582,-9.596
-22.847,-10.998
-22.618,-10.699
-14.618,-15.686
-5.610,-18.619
0.021,-14.146
5.563,-7.804
12.349,-6.122
17.036,-6.139
18.200,-7.451
7.687,-13.736
-6.880,-15.514
-2.512,-5.807
5.708,5.461
10.963,12.084
16.961,17.153
11.786,18.399
4.827,14.214
2.237,9.610
-6.349,4.228
-11.672,2.434
-9.718,3.902
-9.499,-1.044
-10.700,-8.325
-5.807,-7.582
2.410,-4.972
6.232,-7.801
2.004,-8.693
-2.166,-4.798
-1.414,0.596
5.006,5.537
14.935,9.970
20.169,12.575
19.503,12.282
22.979,10.025
23.530,6.309
12.073,3.382
4.813,4.429
-0.052,6.910
-3.619,7.960
-1.458,6.555
3.458,2.111
11.045,-0.071
14.287,-0.772
6.285,-0.897
6.025,5.335
20.568,14.427
27.281,15.876
10.711,5.046
-11.577,-8.463
-12.669,-13.900
0.660,-12.717
4.014,-9.740
-11.111,-9.018
-26.998,-14.809
-23.493,-17.945
-7.620,-9.623
2.103,-0.960
5.398,0.307
8.491,-2.523
11.709,-4.165
18.273,0.797
20.567,3.413
14.443,-3.515
7.699,-11.684
7.087,-10.675
7.285,-4.870
3.943,-2.642
-2.939,-3.067
-14.771,-5.420
-24.899,-8.100
-25.549,-9.774
-24.018,-8.891
-26.172,-6.594
-27.873,-8.048
-20.190,-8.407
-4.306,-0.749
0.110,4.956
-3.444,1.126
2.619,-2.586
13.452,-3.595
19.104,-2.252
20.715,2.134
23.741,8.027
22.558,12.104
13.572,11.135
10.103,9.604
13.049,8.733
11.620,6.286
-2.660,-0.900
-16.938,-8.636
-16.126,-8.894
-10.925,-6.405
-20.543,-6.573
-37.583,-5.885
-42.908,-4.486
-30.223,-1.777
-15.165,5.579
-6.142,12.866
-0.586,13.200
2.316,7.476
4.546,1.440
13.976,1.952
22.805,6.125
17.164,6.602
7.974,5.613
7.411,3.600
14.922,3.555
17.244,8.485
10.733,11.334
4.529,8.028
-1.300,2.193
-0.954,-2.033
0.828,-2.531
-19.366,-5.878
-41.622,-11.700
-34.468,-11.050
-10.240,-5.558
-9.657,-4.606
-18.757,-4.147
-10.336,1.524
5.954,9.687
17.571,13.293
21.190,11.067
17.870,7.011
16.300,5.410
15.529,2.123
6.661,-7.423
1.639,-12.052
-0.785,-12.229
-3.380,-12.463
0.214,-9.649
4.345,-3.556
-0.218,0.923
-10.146,1.474
-22.857,-0.235
-31.767,-3.537
-31.061,-6.479
-23.752,-6.842
-14.551,-4.594
-5.598,-1.531
0.363,1.925
7.842,5.553
24.810,10.121
32.733,14.751
19.149,15.128
5.757,7.025
7.936,1.364
17.547,4.585
21.792,9.220
22.882,6.864
22.659,-3.025
4.960,-13.746
-13.253,-16.605
-12.968,-12.674
-6.570,-4.170
-2.041,7.262
-2.894,14.063
-14.519,14.459
-22.056,14.690
-13.208,15.373
-0.022,13.463
9.656,11.187
18.832,8.832
27.796,6.418
23.543,4.618
10.889,4.669
9.585,7.185
16.393,7.344
17.241,3.913
13.471,1.065
15.965,-0.354
18.082,-3.237
0.440,-9.107
-26.145,-14.008
-37.377,-12.856
-34.131,-10.267
-29.413,-11.366
-25.339,-14.911
-19.465,-16.650
-8.589,-16.263
-3.869,-17.441
-1.553,-15.562
9.350,-9.710
15.876,-4.689
15.791,-1.504
20.956,3.593
22.128,8.595
10.194,9.777
3.724,6.169
6.134,2.849
1.368,0.237
-9.896,-7.258
-14.987,-17.404
-13.177,-19.988
-16.758,-15.089
-20.880,-9.238
-13.383,-3.953
-5.286,-0.943
-7.436,0.470
-11.776,3.421
-11.160,4.967
-6.388,3.777
0.669,3.336
6.055,4.598
10.341,6.239
15.614,6.766
15.335,4.828
9.131,-1.373
-1.775,-10.583
-5.438,-13.373
6.664,-5.477
15.411,4.173
4.107,7.140
-9.172,5.911
-5.517,8.742
-1.640,14.145
-12.913,14.691
-26.719,9.554
-29.162,3.755
-18.998,0.481
-4.679,1.215
9.475,2.592
15.722,-3.684
8.873,-11.603
8.428,-9.844
19.946,-1.926
30.117,3.479
24.508,4.919
10.826,8.408
11.200,13.517
21.048,12.554
20.005,7.229
7.593,1.599
3.619,-2.761
2.251,-3.856
-7.441,-6.387
-21.782,-10.326
-23.965,-10.030
-16.367,-5.232
-10.521,-1.692
-5.449,0.945
-2.513,3.328
-3.321,1.626
0.622,1.086
10.615,6.469
15.785,7.237
15.360,-0.030
13.544,-6.412
9.305,-8.281
3.609,-8.173
-0.733,-10.064
0.010,-12.234
6.320,-9.299
11.867,-4.307
10.980,-2.166
1.401,-1.848
-14.292,-0.748
-32.295,1.115
-40.220,3.754
-29.921,5.140
-12.351,3.354
1.290,3.572
6.530,5.784
8.854,4.803
13.510,4.339
17.967,6.698
19.811,8.995
21.468,12.632
21.473,11.300
19.988,5.982
17.073,7.079
13.123,7.828
5.205,2.219
-2.625,-4.795
-1.607,-6.534
-7.292,-5.516
-15.817,-5.473
-15.065,-7.014
-9.723,-4.876
-12.683,0.337
-15.543,-0.297
-6.545,-3.414
-0.193,0.277
-3.117,5.235
2.211,6.361
13.221,7.702
14.714,11.845
14.016,14.158
16.432,13.451
15.355,9.755
13.031,6.421
12.648,5.636
7.466,6.216
-1.177,4.010
-8.957,-0.849
-12.608,-1.225
-13.337,2.386
-12.921,3.097
-13.680,2.560
-22.671,1.775
-31.789,2.311
-23.196,3.361
-5.328,0.328
-3.466,-4.842
-13.357,-7.608
-10.423,-7.388
5.705,-4.974
22.095,-0.354
19.788,-0.606
0.839,-4.953
-6.958,-6.929
1.810,-5.615
10.411,-2.533
7.708,3.640
-0.736,7.943
-4.663,6.895
-1.266,7.350
-1.878,9.197
-14.771,8.694
-20.372,5.397
-16.196,-2.175
-14.487,-9.505
-10.548,-12.455
-4.992,-13.901
4.279,-15.248
12.934,-14.260
6.355,-9.312
-1.164,-3.068
6.434,3.232
16.334,8.386
13.126,7.477
2.429,2.658
-3.533,2.185
-2.689,5.640
-6.905,2.832
-12.993,-4.430
-7.728,-4.756
-4.810,-3.692
-12.827,-9.240
-16.792,-14.844
-7.240,-11.832
3.398,-4.845
11.913,-1.350
15.132,-3.016
8.582,-4.154
3.654,0.145
7.789,6.533
13.008,6.652
14.021,3.737
4.144,-0.322
-9.386,-6.931
-11.455,-12.776
-0.587,-13.528
5.804,-13.127
-2.390,-16.812
-7.920,-20.422
-9.321,-17.948
-11.115,-8.302
-8.830,4.811
-3.008,15.035
-3.674,16.657
-8.095,12.600
-7.792,7.541
-6.723,2.693
-4.665,0.719
-1.992,-0.908
-5.613,-5.958
-6.067,-7.859
3.564,-4.289
11.362,-2.585
7.998,-6.698
6.149,-8.466
12.799,-5.162
13.404,0.541
2.019,6.648
-9.518,9.125
-13.111,8.396
-10.553,9.047
-10.352,9.267
-15.380,6.806
-18.019,9.624
-17.350,13.182
-13.317,9.673
-6.748,2.595
6.705,0.196
19.112,3.127
24.006,4.569
13.276,1.321
-1.783,-1.482
2.382,0.397
12.295,2.117
6.396,-0.352
-2.235,-1.795
-1.265,2.595
3.619,8.111
2.489,8.852
-2.394,6.328
0.330,7.316
3.073,9.737
-2.279,11.121
-12.727,11.006
-17.374,7.262
-4.770,2.707
7.163,-2.515
5.301,-9.894
-0.037,-10.057
4.425,0.127
12.105,6.720
13.570,4.430
11.650,4.231
11.236,8.111
3.919,8.212
-0.548,6.955
2.878,6.748
1.596,3.315
-6.870,-0.403
-14.074,-0.240
-14.679,1.091
-11.502,-0.143
-6.230,1.098
-2.125,0.800
3.409,-0.628
8.634,1.274
7.184,3.675
2.651,4.587
5.903,7.037
6.484,8.276
2.102,8.235
3.162,5.175
8.332,-1.690
7.763,-4.678
6.201,-2.931
8.118,-4.099
10.007,-9.302
7.546,-11.384
8.330,-6.651
13.921,-0.929
11.032,1.917
3.133,6.336
-1.260,9.956
-8.233,6.189
-13.964,1.582
-13.042,3.404
-11.737,9.050
-4.980,11.207
4.754,5.919
9.443,2.103
14.490,7.831
20.042,14.618
14.560,8.597
1.290,-2.531
-0.593,-1.463
6.063,8.649
11.287,13.017
15.464,11.801
21.868,12.562
17.795,14.232
1.774,11.272
-12.065,5.851
-17.413,5.608
-16.299,14.308
-16.214,21.034
-16.732,17.989
-7.497,14.771
9.738,16.062
24.772,17.756
20.949,14.083
3.642,5.816
-2.017,0.731
4.185,-1.164
6.990,-4.478
6.511,-7.261
3.365,-9.132
-4.875,-9.487
-11.482,-7.319
-7.686,-3.430
2.708,-0.835
6.100,-0.244
7.751,2.082
8.060,1.312
2.437,-0.890
-1.534,-0.536
-2.743,-0.836
-0.635,-0.733
-1.452,-1.010
-7.052,-3.534
-7.881,-3.501
-9.841,-4.668
-17.484,-8.670
-19.012,-10.196
-12.511,-6.069
-2.308,3.237
6.436,6.514
11.410,-1.371
15.246,-7.107
17.624,-1.835
16.480,7.298
9.138,9.438
5.154,9.431
4.873,6.245
0.848,1.940
-10.870,-1.868
-16.843,-3.841
-12.518,-8.328
-9.583,-17.713
-13.255,-22.947
-11.269,-17.431
-5.081,-8.119
-6.321,-6.087
-11.510,-9.940
-11.603,-9.487
-6.764,-4.742
-0.981,-0.169
5.809,4.935
9.433,6.994
14.953,7.030
13.891,8.529
0.181,7.345
-3.402,4.935
0.371,1.588
-0.843,-2.040
-4.328,-5.696
-5.243,-6.502
-1.281,-3.765
3.483,0.419
6.053,3.172
4.673,0.290
11.518,-2.715
26.372,-1.411
28.209,2.324
7.686,-0.231
-7.531,-7.055
-9.115,-8.834
-11.496,-5.441
-16.655,-7.552
-13.392,-9.390
-7.903,-10.740
-11.537,-14.187
-8.769,-13.669
1.778,-7.522
3.551,-0.766
3.295,6.102
10.031,12.197
15.268,12.546
7.588,7.161
-3.097,-0.440
-2.346,-7.002
2.602,-12.818
-0.226,-16.611
-7.122,-16.406
-6.542,-14.969
-3.131,-15.372
-9.043,-19.590
-19.105,-26.511
-19.870,-29.161
-10.463,-22.784
-4.606,-15.342
-11.503,-8.441
-9.475,7.185
6.561,25.195
17.812,30.353
19.112,19.912
21.198,9.927
22.447,6.758
21.768,0.401
12.300,-12.276
1.901,-24.475
2.454,-26.776
4.522,-21.869
2.941,-17.978
-6.238,-18.246
-16.882,-19.234
-20.299,-18.849
-16.561,-17.188
-11.839,-9.304
-15.398,4.379
-21.164,13.925
-17.271,11.838
-5.775,5.338
-3.807,2.903
-12.476,2.236
-15.544,2.162
-3.280,5.349
10.863,8.604
15.978,9.253
14.352,4.054
7.275,-7.626
-1.916,-15.076
-0.881,-13.031
4.076,-9.204
1.122,-9.775
-7.449,-10.089
-10.113,-5.953
-5.598,1.919
-7.842,7.335
-17.663,2.468
-22.249,-2.574
-18.963,-2.152
-15.687,-0.544
-14.757,4.819
-15.202,9.322
-14.800,6.527
-8.671,2.636
3.880,4.036
12.134,8.389
17.223,9.573
18.557,6.512
11.962,5.415
10.543,6.713
19.573,6.882
23.084,5.125
12.333,0.869
-1.427,-2.734
-3.403,-1.096
5.405,4.349
4.765,-0.223
-10.908,-10.420
-27.729,-14.090
-27.664,-10.437
-19.106,-9.481
-15.927,-14.257
-14.807,-15.372
-11.701,-8.874
-3.593,-1.951
8.376,-0.872
19.724,-0.741
19.801,2.286
11.076,4.084
11.441,1.642
21.452,2.877
20.767,10.937
10.843,15.772
7.299,13.765
3.067,9.238
-1.535,5.728
3.083,5.379
8.755,7.641
3.352,4.662
-8.011,-7.357
-10.129,-14.498
-11.859,-13.201
-16.928,-6.513
-11.096,2.742
0.526,9.737
5.316,13.896
12.563,21.020
19.623,28.471
22.163,30.055
28.230,29.208
33.105,24.835
31.821,17.923
18.673,12.257
3.945,5.843
-0.295,2.879
-7.140,1.251
-21.883,-7.603
-25.099,-11.008
-10.252,-2.002
4.427,7.550
-0.315,12.688
-8.271,17.805
-10.024,16.839
-17.197,10.081
-20.486,11.497
-9.895,18.017
2.933,15.883
5.229,5.957
-1.090,-3.124
-4.837,-7.389
-2.242,-7.870
12.257,-5.148
29.576,-0.342
29.040,4.734
11.624,5.572
0.115,0.660
-1.715,-2.458
-1.194,2.788
3.184,10.845
2.459,13.266
-8.157,8.280
-21.715,-0.847
-28.734,-7.622
-23.982,-8.102
-12.082,-5.769
-3.216,-4.895
-1.986,-8.511
-2.123,-13.794
4.993,-12.757
12.974,-7.764
17.424,-3.247
20.097,0.760
22.160,1.864
20.497,-2.082
18.190,-2.434
17.244,1.421
21.578,5.081
15.889,2.893
5.925,-4.256
0.857,-7.686
-8.649,-7.980
-18.757,-7.892
-19.563,-8.629
-11.683,-8.489
-4.769,-4.888
-10.110,-4.474
-22.219,-10.566
-24.325,-14.826
-9.824,-8.030
-1.825,-3.210
-4.826,-7.693
-1.518,-14.102
12.301,-15.609
19.717,-14.187
7.583,-15.803
2.469,-18.308
17.178,-16.064
17.727,-15.081
-6.385,-16.820
-25.646,-18.552
-28.133,-21.668
-29.494,-26.954
-35.835,-31.497
-37.103,-36.331
-35.545,-39.333
-33.445,-37.575
-30.371,-34.697
-26.807,-33.913
-14.753,-31.872
-5.591,-29.767
-12.497,-30.940
-9.659,-28.399
10.442,-18.698
19.215,-11.285
5.579,-10.976
-6.013,-13.070
-2.617,-12.616
-1.102,-10.964
-3.396,-10.284
-3.714,-9.897
-3.004,-7.643
-9.349,-3.293
-15.319,-1.817
-14.430,-9.537
-7.359,-13.843
-5.137,-12.830
-14.279,-16.125
-19.403,-21.585
-8.562,-17.883
6.687,-5.730
12.722,3.271
1.904,5.719
-5.415,3.384
2.603,-1.749
13.715,-4.939
13.382,-5.403
3.825,-4.659
3.422,0.063
9.898,3.663
8.034,1.449
1.311,-3.422
4.548,-5.836
8.270,-7.586
0.791,-8.953
-7.150,-6.494
-9.971,-3.544
-3.654,-1.936
4.238,1.761
9.522,6.063
18.388,10.925
24.094,16.197
16.314,16.032
9.965,14.413
13.551,15.729
20.178,16.097
22.205,12.236
21.023,10.740
16.649,9.099
12.857,3.987
14.251,1.895
7.831,4.688
0.625,7.732
1.654,5.338
6.096,-0.023
12.831,0.027
14.157,3.859
6.154,5.958
-5.058,2.786
-6.355,1.061
3.819,5.466
14.917,14.290
14.987,16.792
1.529,10.350
-2.823,8.159
6.278,13.947
7.303,17.154
1.145,13.164
-7.764,10.248
-12.294,10.775
-10.062,8.846
-4.452,6.096
1.688,7.454
3.463,8.303
-2.232,5.924
-7.308,4.454
-2.641,4.094
2.661,2.447
-2.579,0.938
-9.124,0.249
-1.564,2.492
13.107,5.047
9.990,2.752
-6.532,-4.426
-11.902,-6.885
-2.038,-1.328
5.356,0.249
3.369,-2.448
-0.302,-1.541
-0.959,-0.034
3.151,-0.301
6.384,0.461
-2.218,3.373
-11.639,5.771
-6.235,5.837
0.422,2.541
-5.562,-0.968
-8.138,1.322
-3.480,5.526
1.169,4.992
5.024,3.712
1.030,5.112
-5.079,7.209
-6.414,7.646
-6.764,6.859
-6.924,5.668
-2.656,2.714
1.780,0.805
0.305,1.421
-2.530,1.194
-2.501,0.387
3.172,0.906
11.679,2.440
12.856,3.075
-3.498,2.074
-16.563,2.780
-4.923,7.246
5.837,11.616
-10.696,11.069
-21.760,7.623
-10.141,7.467
3.388,11.194
-1.041,12.702
-8.721,11.836
-3.431,11.764
3.667,10.735
-3.222,5.129
-12.345,-1.801
-10.373,-2.891
-7.973,-1.563
-10.921,-2.732
-7.600,-3.335
1.603,-0.580
3.890,3.144
0.349,3.603
-3.503,0.766
-1.295,1.161
-0.127,4.152
-3.176,6.300
-9.523,4.689
-5.679,2.982
-3.310,2.822
-10.395,2.492
-12.492,2.703
-8.619,1.784
-8.878,-1.184
-11.861,-1.329
-5.745,1.702
7.859,2.880
5.088,1.244
-12.102,-0.567
-15.866,-1.087
-6.664,-0.686
2.042,-1.326
6.899,-1.849
5.990,1.204
0.745,2.453
-7.892,-3.279
-9.936,-5.317
-8.344,0.837
-4.874,6.347
-0.270,4.257
3.523,0.310
8.359,2.348
7.805,6.082
-5.131,4.235
-10.743,2.875
-0.912,5.657
7.295,7.800
8.003,7.703
5.030,6.879
3.637,4.993
13.160,4.262
17.849,6.207
6.318,7.296
-0.471,6.995
9.601,10.291
14.812,11.753
6.952,9.785
5.232,10.722
7.382,14.116
6.978,16.049
3.210,12.851
2.318,9.812
7.865,10.813
9.915,11.449
3.008,9.325
-6.006,4.779
-9.777,-0.396
-7.895,-2.956
-4.574,-3.506
-4.110,-5.465
-4.105,-7.333
-2.594,-6.567
4.989,-1.775
5.784,0.870
1.176,-0.592
2.891,-3.485
6.393,-4.439
7.909,-1.495
3.361,2.689
-5.367,1.176
-11.214,-3.361
-8.090,-2.674
-0.536,1.130
-0.545,-0.106
-1.168,-0.016
0.015,2.850
1.760,2.550
-0.463,-2.418
-3.714,-3.553
-0.965,0.383
3.905,3.733
-1.496,1.726
-6.395,-2.568
-1.919,-2.139
0.380,-0.866
1.956,-4.448
3.778,-9.194
3.757,-11.746
1.933,-15.194
-5.333,-19.334
-10.423,-18.699
-9.783,-16.064
-3.306,-15.162
8.107,-11.716
11.107,-7.645
1.602,-9.037
-5.136,-9.828
3.565,-2.729
5.532,3.289
-0.260,2.877
1.600,1.423
6.689,4.898
6.834,8.178
9.358,8.272
12.894,8.753
11.501,9.640
7.692,9.376
8.033,7.581
11.078,7.379
8.504,8.000
-6.766,5.229
-19.101,-1.132
-15.408,-6.421
-2.344,-5.448
3.701,-3.489
-2.882,-2.519
-7.405,-1.892
-4.488,-0.981
-0.280,-0.082
-0.969,0.734
-10.001,0.953
-13.127,-0.118
-7.821,-2.340
0.180,-3.340
1.804,-1.748
-2.112,3.948
-3.995,6.929
0.553,4.148
7.914,4.782
9.488,6.860
5.494,3.984
1.919,-1.274
-0.461,-3.939
-0.001,-2.060
3.244,-0.760
5.111,-0.883
7.629,1.785
9.000,2.320
3.518,1.922
-2.132,3.203
-0.646,6.812
6.049,8.889
7.343,5.582
8.059,6.588
8.056,10.237
0.590,7.510
-9.167,2.253
-6.278,-1.584
-0.190,-4.166
-4.314,-4.425
-7.358,-3.265
-4.003,-3.993
-4.321,-6.681
-11.690,-7.726
-11.896,-3.003
-2.769,4.514
4.014,7.350
4.056,6.609
1.839,5.806
-2.594,6.581
0.616,12.254
5.752,14.314
2.863,6.911
-0.473,1.454
0.208,4.188
2.703,5.491
2.489,0.918
0.504,-2.908
0.252,-3.801
3.218,-4.048
11.234,-4.736
12.955,-3.624
-1.335,-4.484
-12.011,-6.147
-5.311,-3.648
-1.823,0.095
-4.183,3.101
-4.041,3.811
-3.117,2.357
-1.244,2.457
-1.068,2.520
-1.031,0.274
-2.486,-4.197
-5.991,-8.483
-6.218,-7.706
-3.177,-5.286
-1.920,-6.082
-4.961,-9.989
-2.423,-14.892
4.838,-15.878
6.805,-10.938
-0.245,-6.667
-8.679,-8.607
-11.939,-12.920
-11.194,-14.660
-3.796,-9.150
0.671,-3.810
-9.519,-4.981
-14.840,-5.500
-7.361,-2.117
4.221,-0.032
7.991,-1.569
-0.763,-5.293
-7.469,-8.119
-4.325,-6.916
4.095,-0.174
5.529,5.170
-2.212,-0.201
-10.569,-10.065
-7.895,-11.305
-1.605,-4.299
0.006,2.078
-1.867,1.662
-2.909,-1.436
5.758,0.077
13.638,5.415
-3.811,5.899
-20.419,3.532
-17.570,-3.180
-8.437,-10.894
1.996,-9.323
11.386,-2.581
10.538,0.771
5.095,0.012
-0.565,-3.128
-4.942,-7.524
-1.968,-6.781
3.754,-4.971
0.716,-4.056
-3.470,-1.147
-1.125,2.988
-2.203,5.659
-1.671,6.652
3.019,4.344
7.624,2.125
9.168,4.848
9.551,9.426
4.639,10.001
-2.230,4.280
1.895,-3.177
10.435,-5.924
6.268,-6.209
-0.982,-6.436
-3.427,-6.460
-3.777,-5.880
-2.822,-6.469
-0.976,-5.283
-1.253,0.382
-2.121,2.904
-0.895,2.628
4.467,5.835
2.378,7.775
-5.581,10.158
-8.293,12.711
-8.548,9.078
-4.230,3.365
7.065,3.494
12.793,6.715
7.368,6.073
4.938,1.370
10.935,-0.156
15.655,4.148
13.878,6.211
8.100,4.159
-0.464,1.710
-5.465,1.684
-6.179,2.173
-2.617,3.228
6.901,5.747
11.926,6.844
-4.148,5.120
-11.938,6.710
-0.436,10.634
3.686,10.963
-3.750,6.139
-7.398,1.753
-3.076,1.200
1.465,3.545
4.291,4.262
2.937,1.090
-1.171,-0.969
-3.619,0.056
-3.692,-1.360
0.271,-5.805
1.466,-3.938
1.971,0.872
5.036,2.397
2.371,0.666
-1.871,-1.568
-4.017,-1.783
-3.845,1.518
0.666,6.532
11.606,10.832
14.997,12.303
-0.788,10.784
-14.082,6.452
-9.659,2.845
3.103,4.441
9.830,5.496
6.859,2.969
-3.447,-0.609
-8.355,-3.549
-0.845,-0.821
5.607,3.420
2.999,4.363
-3.384,4.910
-5.206,5.687
0.778,2.612
8.930,-1.613
17.065,-1.517
19.777,0.680
5.920,-0.969
-6.439,-4.041
-2.911,-3.073
0.789,0.016
2.248,0.740
8.374,-0.550
7.070,-2.819
-0.181,-3.564
-3.076,-1.757
-1.327,1.050
1.816,1.650
4.124,-1.496
5.545,-5.562
2.588,-8.117
-0.196,-6.986
-2.337,-5.669
-3.109,-6.409
-0.712,-4.625
1.139,-3.062
0.324,-3.698
-1.722,-5.728
-2.094,-6.254
2.646,-2.786
7.514,-0.075
7.319,-0.844
-0.259,-2.233
-8.173,-4.219
-13.332,-6.761
-3.314,-2.218
8.051,5.378
1.116,6.574
-4.580,3.853
0.252,4.499
4.236,9.738
6.650,12.075
4.211,6.894
-0.643,0.392
-1.565,-3.437
4.028,-2.495
15.039,2.938
11.217,3.616
-4.459,-3.647
-8.238,-7.643
-3.380,-4.907
1.765,0.089
2.969,5.164
-4.410,5.653
-10.449,4.066
-7.155,3.558
-1.677,2.762
2.755,2.464
5.634,4.905
1.223,2.415
-8.784,-3.671
-8.723,-4.266
-1.149,-6.191
-1.471,-12.031
-7.205,-15.463
-7.119,-13.642
-3.183,-9.417
-4.261,-7.403
-9.646,-9.309
-9.102,-10.192
-5.734,-4.306
-7.531,-0.653
-8.684,-1.812
-8.376,-0.359
-3.311,5.465
3.663,7.470
0.952,1.859
-3.971,-3.402
-5.371,-4.900
-4.805,-4.286
-5.093,-3.826
-8.385,-4.497
-8.807,-3.010
-6.964,0.126
-4.154,1.916
8.892,6.962
27.006,17.211
22.482,19.925
2.008,10.168
-3.398,-0.170
-0.851,-5.205
-3.779,-5.380
-3.736,-1.062
-3.845,3.854
-9.928,1.300
-9.937,-4.639
0.510,-5.368
12.301,-1.058
7.287,1.108
-11.456,-4.372
-9.724,-6.591
6.496,-2.167
7.842,-0.299
-1.667,0.800
0.070,4.006
13.578,7.800
16.254,12.440
10.248,14.569
10.384,9.575
5.797,2.577
1.856,-1.107
11.391,0.558
19.089,4.481
9.205,1.671
-1.151,-0.974
0.037,0.790
4.974,0.111
3.011,-2.963
6.345,-2.016
14.686,2.423
3.174,-0.523
-11.388,-8.523
-5.276,-8.538
5.806,-0.779
7.967,4.340
2.218,1.605
-1.473,-0.727
2.324,1.373
10.830,5.166
7.258,3.108
-6.083,-3.156
-9.128,-4.003
-3.790,-4.197
1.768,-3.192
8.638,4.732
7.069,5.944
-5.459,-3.234
-8.990,-5.589
2.127,1.824
7.917,6.410
2.487,3.974
1.599,1.393
13.591,1.835
17.328,0.971
1.290,-2.210
-13.404,-4.229
-17.159,-3.172
-6.160,-2.697
8.551,-2.408
12.435,-0.115
11.361,1.389
9.848,-0.175
2.515,-2.463
1.598,-1.313
-1.465,-0.259
-7.145,-3.191
-7.319,-5.762
-10.152,-5.578
-8.828,-2.775
-0.585,1.689
-0.226,3.098
-10.111,0.165
-11.116,-1.369
-7.647,-1.638
-5.701,-0.825
-0.711,0.493
8.396,1.661
7.081,2.574
-6.204,2.380
-12.657,2.397
-6.068,4.446
1.818,7.261
5.914,9.438
11.967,11.627
8.463,7.979
-9.529,-0.866
-17.989,-5.657
-12.001,-3.155
-3.476,6.918
2.625,14.667
3.680,11.921
0.234,6.985
-2.952,1.940
-0.123,-0.957
-0.786,-0.884
-10.074,-1.587
-10.896,-2.800
-4.456,-3.366
-0.757,-5.777
2.230,-10.511
4.759,-11.700
2.945,-4.362
-1.324,4.246
-4.907,5.569
-5.907,1.011
-5.227,-1.796
-4.022,-1.545
-4.132,-1.002
-3.961,0.056
2.220,2.412
3.630,2.489
-1.029,-1.812
-4.884,-5.512
-1.438,-1.083
3.924,3.411
9.337,4.069
13.146,4.156
12.972,3.869
10.416,1.259
8.575,-2.531
5.680,-1.248
-5.007,2.088
-6.986,2.564
4.231,1.211
6.855,1.544
1.809,6.530
-0.682,11.007
-6.958,9.130
-8.980,6.397
-1.621,10.242
4.262,10.842
1.059,1.511
-5.543,-6.193
-10.201,-2.850
-5.754,4.950
-0.194,7.428
0.795,5.901
5.280,6.605
13.668,11.193
11.114,13.999
5.074,14.029
8.609,15.681
2.442,12.215
-9.162,5.679
-2.792,7.558
9.357,10.527
4.145,4.286
-2.838,-4.824
7.179,-10.593
18.683,-9.078
16.318,-2.479
4.520,1.637
-4.474,0.327
-2.248,1.016
4.374,3.678
2.978,5.378
-1.642,6.046
3.038,6.887
12.205,7.385
14.072,7.006
9.480,7.278
14.197,9.741
19.564,10.782
5.964,9.823
-10.738,7.630
-5.851,6.675
11.785,5.628
15.148,2.180
-5.780,-3.279
-16.536,-5.701
-4.818,-2.783
5.173,0.012
6.687,-1.363
1.193,-5.756
-7.342,-10.319
-5.389,-7.217
-2.503,-0.801
-6.840,-4.710
-8.315,-12.722
-4.608,-13.844
-4.357,-10.432
-4.484,-6.236
-2.956,-3.244
-4.619,-3.398
-1.583,-3.180
5.731,-3.792
7.767,-4.864
3.729,-5.315
-2.991,-7.410
-6.413,-9.378
-6.146,-8.754
-9.183,-6.793
-8.565,-4.278
-9.561,-5.324
-11.098,-8.182
-11.828,-10.510
-15.844,-12.175
-17.619,-10.377
-12.843,-6.116
-2.021,-0.747
4.475,3.722
4.423,2.629
5.299,-1.342
