-5.662,-1.933
-5.946,-1.949
-4.884,-1.866
3.278,-0.451
10.229,-1.100
11.362,-1.436
6.982,0.116
6.518,3.281
8.330,2.902
3.118,-3.788
2.016,-5.693
1.578,0.900
-1.795,5.682
-0.288,3.000
3.844,-2.040
9.091,-4.247
13.310,-5.533
12.387,-4.882
2.716,-4.874
-8.808,-9.262
-9.760,-8.829
-5.278,-3.030
-2.818,1.799
-3.805,0.443
-5.862,-4.213
-4.223,-6.177
2.730,-3.603
8.889,-1.575
9.310,-1.754
2.863,-4.329
-1.982,-6.657
-1.421,-6.858
0.299,-5.004
2.851,-1.928
5.372,-0.158
6.212,2.407
8.074,4.403
2.804,1.114
-5.971,-3.507
-8.231,-2.380
-6.158,-1.448
-2.888,-6.477
1.121,-9.032
2.366,-6.176
1.730,-3.046
-0.660,-2.522
-2.605,-3.439
3.531,-3.768
5.434,-3.789
-4.571,-7.277
-11.475,-13.479
-2.385,-13.493
16.297,-6.584
26.333,-1.067
15.023,-5.478
-12.957,-15.748
-26.277,-18.671
-18.017,-11.821
-12.288,-7.191
-11.763,-7.204
-0.770,-7.629
3.637,-10.432
-14.573,-12.500
-24.464,-9.980
-16.516,-6.424
-8.954,-5.287
-4.819,-2.615
0.632,5.639
6.807,16.173
8.097,13.222
3.850,1.479
-1.715,-4.106
-3.288,-3.094
0.968,-1.754
3.373,-3.105
-1.512,-7.130
-3.657,-8.206
-0.205,-4.843
-0.223,-1.385
-3.405,-0.803
-5.206,-0.950
-2.281,1.740
0.755,2.371
0.532,0.262
-3.601,-2.742
-5.335,-7.135
-3.788,-8.261
-9.323,-4.644
-10.165,-1.282
-0.793,0.485
3.283,0.625
-3.497,-1.556
-6.357,-4.076
-3.958,-4.626
-4.307,-1.012
-8.744,4.894
-6.412,5.098
1.877,-0.091
6.338,-1.801
2.368,0.685
-2.164,0.806
1.895,-6.690
8.194,-13.141
9.406,-12.529
8.139,-7.285
6.197,-4.344
-0.423,-4.004
-8.740,-3.016
-9.193,-0.640
-5.995,2.327
-6.651,3.345
-5.962,5.126
3.703,9.811
13.084,11.023
11.127,4.925
5.437,-0.390
4.066,0.051
-2.692,-2.155
-15.079,-2.722
-17.528,1.364
-8.847,5.068
-6.804,2.949
-11.839,-2.884
-9.076,-6.610
-3.854,-8.669
-1.439,-7.751
-2.516,-5.564
-7.559,-3.934
-6.082,-0.033
1.277,4.851
5.499,5.899
4.841,3.830
2.408,6.429
-0.182,10.574
3.008,9.898
8.737,6.654
9.324,0.709
9.213,-2.111
5.678,-0.753
-1.289,2.118
0.029,5.646
-2.855,4.101
-7.631,-1.589
-6.805,-0.787
-10.696,1.960
-14.623,2.145
-6.122,3.480
5.814,6.232
5.995,5.379
-0.208,3.434
1.044,4.673
5.360,4.123
2.584,-2.345
-2.354,-7.090
-4.652,-8.550
-5.748,-8.758
-2.003,-5.991
-1.577,-3.364
-9.603,-4.229
-11.089,-1.772
-3.470,3.089
-0.846,1.905
-7.986,-3.624
-12.402,-2.907
-0.866,2.428
4.725,2.732
-10.319,-3.607
-13.467,-6.547
3.099,-0.398
10.149,7.415
-2.001,6.897
-7.366,1.012
-2.785,-0.893
-0.246,5.225
0.895,11.068
4.944,12.788
10.834,14.265
11.212,13.712
5.678,11.850
1.847,11.303
6.385,11.617
11.961,7.792
14.883,0.819
14.632,-4.795
-1.932,-7.865
-19.534,-11.462
-19.462,-12.185
-8.113,-6.503
-4.792,-2.034
-5.842,3.513
-5.128,5.846
-1.418,0.085
0.919,-1.512
-5.558,0.718
-9.773,-0.059
-5.587,-2.375
0.893,-3.179
-0.138,-4.789
-4.611,-5.035
-3.012,-2.489
0.326,0.284
6.937,6.559
8.518,10.433
1.943,6.453
-0.729,1.232
4.539,0.969
9.553,4.061
4.469,4.761
-2.733,1.214
-0.654,1.991
3.438,6.923
9.068,11.374
15.009,10.564
10.732,2.944
-6.691,-4.403
-12.646,-3.922
-1.052,1.050
5.978,5.150
1.200,4.338
-2.905,2.620
-0.111,4.177
7.254,4.342
11.286,2.374
5.523,2.248
-1.292,4.673
1.546,4.322
9.820,1.066
8.719,-4.035
1.756,-4.473
-0.262,-0.139
4.548,3.384
14.042,6.229
5.441,6.335
-17.365,0.632
-13.506,-0.560
9.674,5.237
10.409,7.199
-4.379,5.219
-5.410,5.831
2.016,8.478
8.480,12.241
13.001,16.131
8.260,8.020
-4.846,-6.237
-9.220,-7.073
-7.711,-2.125
-6.581,-0.038
-5.641,-0.702
-9.497,-1.962
-14.556,-2.901
-10.921,-1.336
6.843,1.625
17.394,1.694
1.431,1.598
-17.419,2.444
-12.622,3.843
0.816,3.017
6.526,0.745
8.410,3.122
4.862,5.156
-4.000,2.212
-6.263,-0.683
-1.006,-3.770
3.733,-5.005
1.984,-7.826
-0.163,-10.109
4.276,-6.307
8.696,-2.941
6.223,-5.266
4.962,-6.441
10.248,-0.813
10.255,4.813
-1.391,0.173
-8.146,-4.391
4.699,-0.162
20.218,5.286
13.394,7.100
-4.962,7.354
-7.918,5.458
-0.358,1.385
1.776,-0.933
3.793,2.615
8.837,6.487
2.156,3.872
-3.704,0.051
-0.188,-0.749
-1.034,-1.196
-6.970,-3.681
-4.896,-4.796
-0.663,-2.639
-5.702,-0.919
-9.791,-3.896
-4.514,-7.410
5.033,-3.843
5.538,-0.209
-1.231,-5.481
0.392,-6.927
7.834,0.012
3.972,-0.429
-5.085,-8.600
-7.866,-10.726
-2.266,-5.759
1.983,-0.717
-3.135,0.771
-11.437,-2.345
-15.739,-6.402
-13.900,-7.986
-6.665,-8.594
-1.809,-9.221
-5.088,-9.371
-10.669,-8.228
-6.620,-6.292
-1.451,-6.864
-3.033,-8.344
-10.111,-8.065
-20.214,-6.933
-23.169,-8.187
-12.723,-6.236
-1.959,-1.161
-1.514,0.985
-6.591,-1.574
-11.386,-8.057
-9.453,-11.149
3.672,-7.542
9.158,-4.427
2.973,-2.072
0.757,2.744
2.985,6.555
2.846,5.486
1.637,6.007
2.082,10.624
-1.668,10.603
-1.705,8.330
3.381,6.352
3.496,6.122
1.208,6.142
-1.232,2.820
-5.161,-1.816
-6.108,-3.520
1.198,-2.787
8.618,-2.941
2.354,-3.550
-7.217,-2.888
-2.669,0.180
4.752,5.979
0.590,7.441
-13.297,2.107
-20.297,-1.413
-14.534,0.560
-4.167,1.885
6.335,2.498
10.233,0.172
10.363,-1.652
10.231,-0.737
7.414,3.426
1.221,7.853
-0.740,8.370
0.256,5.391
-4.171,-1.243
-8.738,-4.162
-3.933,1.783
-0.540,5.990
-5.305,1.263
-6.258,-2.833
0.627,-1.250
2.395,-0.410
-6.425,-0.745
-9.055,-0.515
-6.099,-2.869
-8.733,-7.043
-11.723,-7.702
-5.823,-4.171
4.934,-0.738
2.121,-4.470
-8.832,-9.614
-10.996,-7.114
-3.605,-0.496
3.996,-2.514
5.077,-11.597
4.194,-14.477
7.881,-5.875
0.843,-0.789
-9.032,-6.175
-8.954,-10.210
-4.370,-6.633
-2.817,0.475
-5.747,3.318
-5.802,-0.818
-0.911,-4.379
4.857,-3.136
7.342,0.380
5.945,3.297
7.205,2.933
6.705,-1.399
2.330,-4.017
0.119,-1.463
0.082,2.212
-2.230,2.108
-0.820,0.285
11.010,-0.065
15.742,-2.052
2.236,-3.119
-12.587,-2.768
-13.087,-2.554
-4.239,0.798
6.073,6.639
15.510,9.821
12.971,6.792
-0.265,1.800
-7.120,0.694
1.338,5.907
11.391,10.391
2.873,4.720
-3.621,0.392
7.676,3.545
11.055,5.358
2.678,4.995
3.709,4.384
8.835,3.672
3.922,2.374
-2.566,1.100
-0.064,2.699
7.522,5.295
11.559,7.663
2.226,7.311
-6.833,6.424
-1.922,7.242
5.202,6.879
4.259,3.514
-1.081,-1.312
-1.280,-3.821
3.313,-2.083
2.012,0.630
-5.497,0.516
-5.094,1.592
5.928,6.041
12.856,5.939
5.327,-1.028
-8.424,-3.869
-11.195,-1.299
-2.955,2.934
6.329,8.990
9.450,14.942
7.841,14.992
2.269,10.576
-2.291,9.203
-0.006,12.585
3.811,14.809
4.475,15.015
3.694,11.822
2.124,3.607
6.613,-0.121
12.187,2.534
3.395,3.004
-6.046,0.046
-1.869,-1.066
4.302,-1.030
-0.990,0.199
0.379,4.778
8.687,6.917
11.661,3.432
12.697,0.992
11.214,5.628
0.571,12.678
-7.986,8.476
-1.422,-0.585
2.531,-0.247
-0.333,5.943
-2.668,7.221
-6.670,1.960
-7.736,-0.640
-0.337,5.681
6.303,11.187
4.994,8.937
-1.374,3.676
-6.827,1.990
-7.766,2.691
-4.845,4.253
-0.384,7.134
0.340,6.153
-2.774,3.842
-1.349,8.096
5.370,11.122
5.214,5.553
1.073,-0.296
-2.480,-1.193
-0.229,-0.531
-1.396,-1.664
-16.249,-4.168
-18.648,-4.324
-7.429,-4.332
2.007,-5.398
4.359,-4.483
-3.394,-3.838
-9.141,-4.641
-10.334,-8.273
-7.841,-10.050
-3.352,-4.740
-2.463,0.815
-2.446,0.934
3.522,5.358
6.950,7.455
6.486,1.457
5.534,-2.546
0.695,-1.972
-3.107,1.715
0.175,4.076
6.389,1.004
7.905,-4.219
2.312,-7.059
-10.225,-7.666
-13.917,-7.889
-2.724,-2.146
8.780,5.672
-0.464,-2.271
-7.014,-13.407
0.775,-11.537
-2.660,-6.430
-7.626,-4.519
-1.559,1.155
5.104,7.121
-2.636,-1.549
-8.833,-9.444
-0.229,-6.281
12.770,0.026
11.075,0.973
0.271,-2.794
-1.420,-5.300
2.699,-6.302
6.872,-4.882
8.547,-0.136
5.521,1.327
-0.456,-2.883
-1.476,-4.778
5.832,-3.860
9.500,-3.230
-1.803,-3.278
-8.039,-2.942
0.852,0.591
13.009,5.147
14.467,4.658
4.259,0.555
-0.544,-2.827
-2.008,-4.071
-7.054,-5.101
-7.368,-4.327
-1.114,1.442
4.000,9.892
2.737,9.575
1.457,1.527
7.227,-0.572
10.631,0.643
6.619,-1.284
1.087,-3.911
1.416,-4.263
-0.446,-2.967
-11.271,0.661
-13.574,5.112
-7.707,3.916
-5.806,0.113
-9.939,0.032
-11.796,1.843
-8.359,0.954
-6.092,-5.683
-3.759,-6.902
0.591,-0.905
1.882,1.479
5.546,1.228
10.206,2.030
8.922,3.269
-0.093,1.659
-4.243,-2.109
-0.774,-3.316
-4.078,-3.354
-2.384,1.532
10.584,9.647
9.459,4.117
0.821,-6.586
8.392,-4.288
20.355,3.069
13.253,1.486
1.870,-0.988
1.923,1.391
-0.332,4.089
-6.905,10.190
-1.460,19.003
12.722,21.776
14.641,19.204
3.489,17.774
-3.632,19.397
-3.464,19.585
2.958,21.294
8.964,22.695
10.929,18.922
9.985,17.523
4.158,17.056
0.738,14.623
2.352,11.716
1.986,7.650
1.841,5.874
4.020,7.752
6.963,10.805
8.882,15.219
7.792,17.969
4.990,13.571
9.615,9.760
13.403,13.318
9.275,19.133
6.599,17.999
10.713,12.653
6.270,7.013
-7.435,5.680
-6.490,12.400
5.186,14.716
13.358,6.511
17.974,-0.599
18.117,-0.893
14.238,7.951
15.119,17.350
14.187,18.136
8.484,14.802
3.569,13.850
4.262,14.259
3.697,10.999
-2.179,5.220
-2.097,2.972
4.827,4.726
10.887,6.865
10.179,6.904
5.362,4.506
1.836,1.086
-0.711,-2.094
-0.680,-2.818
5.104,0.577
7.876,4.548
3.784,3.649
0.790,0.850
1.811,4.363
-1.651,5.004
0.105,-4.170
6.582,-7.671
0.157,-0.069
-4.045,8.452
-1.202,11.306
1.624,12.275
3.152,14.581
-1.262,12.505
-7.465,5.546
-7.868,3.265
-0.506,7.941
9.642,12.832
11.808,10.605
5.628,5.508
-2.684,3.780
-9.293,1.608
-9.240,-0.190
-1.009,3.976
2.841,5.817
-3.612,-0.433
-9.726,-7.665
-7.439,-10.160
2.590,-2.244
6.721,9.592
-1.366,8.544
-8.980,-1.967
-9.125,-5.285
-5.581,-0.312
-4.003,3.528
-2.288,2.449
-5.124,-4.292
-12.821,-11.954
-13.913,-10.523
-2.920,-1.909
7.792,3.289
5.039,-1.383
-5.420,-9.421
-9.135,-13.737
-1.248,-13.511
4.080,-10.165
-1.075,-9.063
-2.184,-10.610
2.304,-6.862
-3.164,-2.877
-15.644,-9.925
-22.031,-18.600
-16.934,-15.189
-10.350,-1.892
-9.326,5.607
-7.390,-2.561
-2.014,-15.091
1.672,-17.248
6.392,-9.802
13.126,-2.482
19.965,0.635
17.881,0.199
0.730,-3.219
-11.892,-5.695
-4.729,-3.478
1.715,0.865
-3.167,2.816
-10.298,0.982
-17.221,-6.714
-27.862,-17.693
-35.436,-23.610
-31.621,-19.509
-18.169,-12.358
0.786,-8.916
14.600,-5.903
14.186,-0.220
11.219,5.262
12.929,5.506
11.291,1.546
7.818,-1.379
8.356,-3.174
5.421,-4.754
-6.072,-8.385
-14.053,-13.480
-13.139,-15.215
-16.611,-16.531
-31.794,-21.460
-45.722,-26.541
-44.955,-24.161
-32.484,-15.770
-20.330,-12.698
-15.795,-15.270
-6.878,-13.737
7.798,-6.493
18.803,0.450
31.304,5.283
37.899,6.521
25.067,0.523
4.952,-9.808
0.010,-14.587
10.692,-7.108
8.823,-1.793
-11.956,-9.792
-25.046,-17.926
-25.389,-16.934
-25.423,-14.444
-30.988,-20.014
-39.204,-29.442
-39.032,-28.314
-29.003,-20.383
-26.584,-18.922
-24.632,-16.629
-10.998,-8.871
3.523,-1.336
10.825,3.153
13.929,4.119
17.684,1.222
20.289,-0.764
19.454,-4.205
16.000,-8.062
10.418,-7.804
6.693,-7.446
5.429,-14.554
-3.522,-20.680
-17.763,-24.715
-27.570,-27.253
-31.048,-27.245
-30.969,-22.392
-22.993,-12.605
-11.442,-3.648
-8.017,-0.518
-5.786,2.367
2.043,7.436
13.992,12.104
19.957,14.638
16.722,15.805
22.649,18.925
33.758,19.899
26.571,14.170
12.235,6.860
9.523,3.194
12.365,4.081
6.736,3.898
-5.337,-3.528
-12.909,-8.300
-16.140,-6.521
-14.686,-4.274
-9.690,-2.291
-9.295,4.217
-11.553,8.174
-8.649,5.415
-1.427,2.769
5.452,3.217
8.357,2.964
9.606,2.164
10.228,5.083
10.560,10.223
10.600,10.131
9.712,6.785
8.041,5.463
6.473,5.990
5.750,5.078
7.165,6.440
8.247,10.230
4.246,8.303
-1.955,0.549
-8.392,-6.304
-14.820,-12.002
-18.762,-17.228
-18.632,-20.292
-16.410,-23.361
-15.301,-28.930
-6.342,-29.773
7.947,-25.669
2.557,-28.125
-14.072,-35.236
-17.952,-31.754
-9.211,-15.726
6.060,6.212
16.528,21.936
12.816,23.750
6.279,21.031
5.985,18.820
7.498,14.997
6.865,11.174
6.068,10.010
5.739,8.716
-0.776,3.312
-4.842,-1.871
-6.016,-6.477
-8.332,-10.844
-4.064,-8.608
2.468,-6.646
-4.849,-15.934
-22.510,-28.655
-32.873,-32.923
-23.040,-22.988
0.116,-1.829
14.634,15.626
16.174,21.263
12.242,16.539
14.183,13.618
23.861,16.536
27.091,18.181
19.142,14.129
8.905,2.189
9.485,-8.264
19.583,-6.802
27.015,-0.744
26.502,-1.402
14.214,-9.485
-4.130,-17.284
-14.073,-20.159
-17.544,-18.275
-22.427,-10.155
-28.639,-0.149
-29.969,5.893
-29.680,7.478
-28.394,12.385
-19.141,22.008
-9.449,25.166
-4.261,17.908
-2.297,6.622
2.578,-0.145
10.095,-1.458
11.709,-2.095
12.494,-3.227
19.606,-6.009
30.147,-8.062
32.893,-5.357
19.116,-2.778
0.558,-4.203
-5.063,-6.494
1.937,-3.629
2.201,-0.385
-6.551,0.828
-15.449,-0.737
-23.139,-4.222
-27.115,-5.976
-23.190,-3.762
-20.289,-2.687
-24.563,-5.468
-26.106,-6.895
-14.297,-2.553
4.631,2.289
17.635,4.043
24.214,4.398
23.453,5.039
21.104,8.866
18.899,11.949
18.954,14.500
22.446,18.625
25.194,20.773
23.881,17.507
21.033,11.680
23.125,6.582
26.940,6.797
11.845,4.444
-16.065,-1.673
-21.577,-2.037
-13.462,3.054
-23.741,1.427
-43.636,-12.039
-41.954,-22.079
-18.635,-19.819
0.867,-14.114
8.826,-9.896
13.927,-5.241
14.716,-1.557
13.692,-1.025
17.940,1.312
23.901,7.537
18.868,11.572
6.956,7.159
0.222,-2.039
1.345,-6.703
-0.833,-5.141
-11.589,-2.719
-15.510,-1.051
-12.650,2.161
-10.489,6.444
-8.354,10.538
-11.202,10.281
-24.298,4.335
-29.966,-0.681
-18.212,-0.201
-4.029,-0.711
2.245,-10.384
1.993,-25.209
5.793,-32.613
18.423,-28.006
29.375,-19.112
23.171,-12.607
9.611,-6.701
7.706,2.647
17.265,13.769
24.166,22.405
20.246,25.944
7.628,25.926
-6.469,21.378
-6.417,18.686
-5.264,20.429
-16.950,16.259
-31.139,4.754
-35.430,-3.854
-25.005,-7.976
-7.976,-14.313
-0.985,-22.166
1.357,-22.876
9.844,-16.889
18.792,-9.723
22.694,-3.122
21.568,1.770
18.838,0.644
19.316,-1.156
21.326,1.505
17.347,3.458
3.670,3.717
-4.028,9.157
-2.663,15.970
-2.364,17.100
-7.604,14.378
-15.474,12.462
-18.212,12.456
-13.097,10.618
-16.468,2.910
-25.117,-9.852
-20.179,-18.338
-7.998,-20.305
-3.040,-18.969
2.412,-14.227
12.383,-5.632
13.992,2.481
6.726,4.668
0.784,3.712
3.999,4.838
15.937,11.388
22.712,19.218
11.836,19.194
-5.124,15.036
-9.443,13.282
-2.780,6.430
-2.302,-3.819
-13.293,-6.329
-22.986,-0.583
-18.439,3.476
-9.737,5.157
-7.113,6.442
-10.742,3.384
-10.876,0.520
-3.747,3.990
8.317,10.925
13.361,13.098
5.540,9.836
-0.205,2.929
2.316,-5.655
9.785,-9.934
12.840,-6.516
9.437,1.760
7.319,4.181
6.968,-0.821
9.440,-0.373
11.730,6.007
6.953,10.695
-1.982,11.612
-8.536,8.619
-12.768,3.143
-19.211,-1.210
-26.829,-5.438
-25.215,-9.400
-13.696,-11.019
-9.991,-7.738
-14.027,-1.804
-10.832,0.490
-2.834,-3.353
4.304,-7.315
8.621,-8.072
4.137,-9.669
-0.657,-9.400
2.394,-7.195
3.129,-9.080
1.231,-13.044
1.777,-12.957
1.957,-7.009
-3.413,1.951
-9.642,7.095
-10.467,6.968
-4.492,7.253
4.668,10.430
5.266,9.698
1.003,5.220
2.851,0.820
0.464,-2.354
-11.798,-5.910
-11.192,-6.766
-2.933,-3.591
3.497,0.655
10.801,1.942
14.538,-2.374
19.093,-4.097
26.187,0.965
28.205,5.332
20.729,8.479
9.647,11.057
3.857,10.397
2.962,7.488
1.422,1.989
-2.292,-4.490
-2.717,-5.535
2.615,-2.923
2.598,-4.320
-10.447,-9.434
-20.858,-11.361
-11.792,-6.318
-2.482,-1.016
-2.453,2.497
3.491,9.092
12.697,14.669
23.122,18.905
24.656,20.704
18.381,20.597
18.885,24.167
22.413,26.719
24.043,22.647
15.841,9.181
6.109,-3.232
6.915,-3.291
9.974,-1.297
0.018,-6.117
-14.437,-10.403
-15.701,-8.476
-7.240,-3.333
-6.691,-2.160
-19.586,-4.507
-31.669,-3.939
-25.814,2.586
-15.402,4.040
-12.772,-2.562
-11.222,-8.915
-0.486,-4.599
14.960,5.557
21.999,8.113
21.999,2.938
15.797,-3.810
5.599,-7.199
3.899,-6.721
14.075,-4.072
15.707,-1.147
6.753,-0.618
5.520,1.056
7.143,6.107
0.956,8.395
-9.383,5.050
-21.471,0.885
-29.229,3.213
-30.560,5.960
-36.141,-1.829
-41.645,-16.288
-28.928,-23.884
-3.188,-21.379
13.061,-17.069
18.501,-14.683
22.676,-10.310
20.281,-4.611
16.562,-0.573
15.965,4.248
19.261,13.874
20.893,20.228
20.806,16.627
21.525,7.028
13.986,-4.842
-1.367,-13.420
-9.741,-14.782
-13.694,-13.777
-19.169,-14.432
-24.854,-14.913
-29.135,-13.143
-29.180,-8.358
-23.935,-2.098
-17.046,-2.594
-11.995,-14.161
-5.709,-19.206
6.993,-8.059
16.906,2.902
18.831,0.810
12.086,-6.994
2.551,-10.266
-0.794,-8.559
5.962,-4.330
16.212,-0.124
20.218,1.249
9.762,-2.350
-3.416,-7.188
-6.250,-6.624
-2.977,-5.704
-1.903,-3.933
-14.949,-3.894
-37.681,-10.633
-45.810,-13.630
-31.986,-4.221
-10.112,6.489
6.164,10.694
1.664,6.541
-8.662,-0.029
0.526,-1.624
18.068,0.296
27.097,3.266
26.851,7.333
22.841,10.107
20.214,12.122
22.773,16.956
23.089,16.390
16.379,7.723
10.504,1.119
6.346,-0.955
0.037,-1.432
-8.655,-0.226
-17.512,2.492
-22.571,5.725
-22.776,5.919
-23.565,-2.092
-22.988,-11.036
-20.359,-12.051
-14.198,-5.027
-5.038,0.585
4.072,0.857
11.934,1.092
22.058,2.209
30.332,1.681
33.449,3.487
30.226,4.751
23.346,0.259
18.890,-4.707
13.734,-5.787
4.082,-3.843
-3.331,1.491
-7.686,6.800
-13.178,7.470
-18.700,2.762
-23.364,-3.643
-29.522,-5.318
-32.253,-0.808
-24.450,1.224
-8.363,-1.398
1.600,-4.851
-4.099,-7.178
-7.038,-5.077
6.761,2.549
18.946,10.175
14.155,12.233
4.575,7.349
0.331,3.655
5.414,6.643
9.728,7.429
2.805,-2.934
-9.188,-16.712
-11.528,-23.548
-5.373,-25.839
-4.131,-28.599
-8.216,-27.317
-15.308,-23.234
-21.972,-17.116
-18.249,-4.610
-12.413,6.308
-28.920,7.341
-39.405,6.857
-21.881,11.139
0.041,15.219
11.026,17.436
14.571,15.171
15.768,9.017
16.130,4.819
18.928,4.156
25.015,5.022
24.492,1.412
13.399,-5.618
3.350,-8.627
5.585,-7.498
9.925,-3.127
9.726,2.977
3.742,2.867
-7.597,-4.637
-18.374,-7.655
-26.641,-6.196
-29.220,-7.506
-30.517,-12.183
-27.769,-10.358
-9.410,1.607
9.777,8.907
13.231,4.797
9.782,1.562
12.958,5.090
23.479,10.580
29.233,8.474
20.666,-1.941
4.645,-10.168
-2.795,-10.779
4.117,-7.805
13.384,-5.355
12.542,-4.179
-1.879,-2.309
-9.565,3.245
-9.713,5.818
-18.839,1.670
-30.465,-3.151
-36.773,-6.352
-37.240,-9.060
-35.189,-13.608
-21.453,-16.336
-1.673,-14.201
5.313,-9.345
7.021,-3.726
17.644,2.384
29.531,8.241
31.074,11.238
25.183,10.584
18.758,10.133
14.552,14.551
13.771,17.633
11.281,14.619
2.289,9.598
-4.400,6.041
-5.517,3.031
-3.038,-0.350
1.614,-0.511
-10.151,2.250
-34.551,3.711
-40.433,2.776
-26.991,4.528
-7.023,11.303
6.304,19.108
4.761,20.323
0.132,11.433
4.788,2.490
22.493,4.218
24.030,9.606
10.495,9.320
8.369,6.990
13.570,6.366
8.951,0.877
0.615,-7.193
0.339,-8.294
2.998,-4.009
3.666,0.935
0.615,3.410
-5.151,4.124
-9.046,3.085
-6.033,1.813
1.525,1.452
-1.544,1.002
-13.025,-1.383
-16.195,-7.838
-17.054,-12.885
-17.703,-10.763
-8.410,-6.604
-2.878,-6.751
-6.651,-8.711
-2.817,-7.995
6.525,-4.937
4.568,1.830
3.048,7.443
13.647,7.894
25.310,6.652
24.374,3.991
16.941,0.364
13.740,-0.607
16.106,2.128
14.380,3.164
1.675,-0.349
-12.760,-3.272
-15.446,-1.336
-10.295,-0.152
-10.833,-3.454
-14.656,-4.495
-8.949,-1.650
3.932,1.200
10.993,2.783
13.379,7.767
15.947,13.715
14.350,9.879
6.712,-2.164
2.109,-5.955
1.649,-0.633
3.988,2.374
13.374,4.507
21.831,10.192
13.017,14.506
-0.625,12.998
-3.831,11.961
3.273,10.471
7.867,1.436
1.532,-7.275
-5.503,-10.680
-2.587,-13.251
5.241,-17.286
9.737,-18.890
9.658,-9.472
5.458,4.962
-0.738,9.298
-2.736,6.609
0.793,4.175
5.992,3.316
5.603,2.860
-2.705,0.209
-7.317,-0.016
-2.775,2.394
-2.123,1.134
-3.765,1.270
3.319,5.327
11.639,5.740
11.524,1.614
4.755,-2.193
7.045,-1.337
16.182,2.116
15.339,3.435
5.620,3.397
2.784,6.951
3.931,10.278
2.070,5.160
-7.559,-2.360
-18.762,-3.150
-16.283,3.471
-9.806,7.559
-19.120,0.802
-23.782,-3.263
-15.615,1.822
-14.323,5.230
-11.334,4.454
1.951,5.536
15.594,7.419
26.048,10.592
29.786,12.380
27.051,13.300
24.241,12.230
24.330,6.655
18.860,0.749
8.403,-3.692
-3.004,-9.833
-7.939,-14.464
-9.992,-14.931
-15.435,-12.728
-16.816,-8.343
-17.616,-7.963
-23.865,-12.638
-34.711,-16.118
-37.013,-13.366
-26.367,-3.803
-16.688,7.922
-7.397,18.014
2.419,20.472
6.217,19.037
5.305,18.408
12.020,17.238
23.253,14.336
24.260,9.103
18.859,2.657
16.032,-3.888
10.309,-10.799
5.274,-13.356
12.290,-8.033
18.964,-3.683
11.952,-9.335
-0.452,-15.155
-10.198,-13.383
-17.061,-8.561
-19.536,-7.351
-12.140,-5.789
-2.836,3.238
-13.489,12.885
-32.490,15.183
-29.335,15.733
-11.169,19.179
-2.068,19.545
1.984,15.237
8.766,11.350
14.515,9.563
20.506,8.979
23.980,6.824
20.400,4.753
17.913,4.047
20.410,3.205
21.371,1.603
15.665,-3.022
9.085,-12.673
8.406,-18.932
3.452,-17.966
-7.120,-16.231
-15.808,-19.890
-24.203,-26.313
-25.965,-24.731
-22.475,-13.813
-22.820,-2.100
-24.787,7.478
-20.162,14.166
-7.622,16.782
3.623,15.964
5.846,10.883
15.521,5.894
33.363,4.836
27.919,3.725
9.638,-0.330
6.262,-4.718
7.072,-9.585
2.605,-11.854
1.052,-9.958
-2.341,-9.860
-8.227,-12.079
-4.576,-9.361
4.381,-2.292
4.330,-0.990
-4.094,-9.908
-12.407,-20.503
-19.480,-23.862
-21.813,-16.913
-21.309,-5.640
-19.327,3.777
-11.235,6.798
1.095,6.384
9.759,6.024
13.658,10.605
15.001,17.369
15.447,16.162
17.570,10.256
18.140,5.285
17.856,2.087
14.881,-0.957
2.822,-7.979
-10.019,-16.481
-12.812,-21.119
-9.515,-20.071
-5.870,-15.561
-11.142,-19.688
-22.034,-28.709
-24.172,-26.673
-14.212,-12.364
-6.620,2.488
-7.546,9.920
-5.032,14.921
4.122,18.064
12.672,15.139
12.056,8.294
10.610,1.867
14.596,0.602
22.119,3.037
26.918,1.300
20.687,-0.944
10.205,3.296
6.700,9.174
9.350,10.137
7.115,7.011
-5.795,2.612
-19.075,-3.019
-21.554,-9.722
-14.781,-13.475
-11.830,-9.659
-17.615,-4.132
-27.304,-6.906
-28.115,-12.851
-14.952,-9.377
4.213,2.799
12.405,10.297
15.224,11.049
21.475,11.621
21.517,10.358
14.809,5.431
12.024,2.175
13.446,1.666
9.980,1.370
4.529,-0.079
2.174,-4.302
3.165,-3.963
4.166,3.669
-6.105,5.671
-15.573,0.920
-19.668,-2.246
-28.200,-2.222
-36.901,-0.357
-34.522,3.303
-23.584,5.097
-12.080,4.953
1.217,3.080
10.924,3.159
20.753,11.721
29.659,19.246
34.128,14.821
31.650,8.976
25.609,7.087
16.971,1.831
12.555,-4.083
12.655,-7.247
10.361,-9.371
9.066,-11.317
1.239,-12.719
-14.324,-17.217
-22.088,-22.432
-16.807,-21.899
-12.517,-17.263
-22.501,-13.145
-34.264,-7.687
-28.355,-0.256
-16.005,6.217
-7.062,11.407
-0.876,15.121
5.764,15.117
13.215,12.097
19.507,11.553
12.978,10.026
3.716,3.099
6.283,-1.741
13.928,2.603
15.296,6.952
11.423,5.205
3.944,1.208
-5.120,0.627
-9.789,1.033
-10.200,-3.519
-13.074,-10.877
-22.876,-15.115
-28.032,-11.626
-24.155,-3.306
-15.685,5.948
-7.242,14.167
-4.433,18.111
-3.320,15.355
6.475,12.219
23.290,17.138
26.577,19.033
16.083,12.947
15.784,9.867
22.151,10.549
17.258,6.991
6.672,0.815
3.980,-3.677
8.272,-5.744
12.783,-3.926
5.096,-0.387
-10.216,0.244
-23.633,-1.490
-31.938,-4.866
-32.288,-6.865
-24.746,-2.800
-13.207,3.118
-0.188,5.468
10.885,5.341
11.051,1.351
6.133,-4.223
7.995,-3.659
10.610,1.384
10.392,6.108
12.619,8.411
19.312,7.758
26.854,4.991
18.373,1.497
-5.499,-3.069
-17.937,-8.553
-18.700,-13.194
-18.912,-14.753
-19.109,-13.289
-20.442,-12.442
-18.751,-12.638
-13.190,-10.481
-16.906,-10.207
-22.597,-8.790
-13.378,0.419
-2.506,7.698
1.484,7.494
3.856,4.065
7.181,1.478
10.862,-0.218
13.500,-2.589
20.545,-1.124
31.926,5.896
32.197,7.690
17.073,3.969
4.057,2.675
1.821,5.725
0.876,9.643
-9.569,10.493
-18.325,8.684
-18.730,8.999
-18.962,10.823
-24.556,11.040
-33.064,7.033
-35.140,-0.579
-30.296,-8.664
-24.303,-8.212
-8.551,-1.474
15.607,3.930
28.711,4.693
24.789,3.474
18.344,4.402
21.451,6.963
28.120,8.729
22.523,5.212
3.482,-5.168
-11.302,-14.229
-14.218,-18.103
-11.932,-18.123
-9.425,-17.692
-13.538,-16.725
-21.892,-16.718
-25.091,-18.476
-23.066,-18.259
-23.351,-13.660
-25.587,-5.696
-20.725,-0.521
-10.269,1.610
2.072,5.973
14.062,10.090
19.191,9.857
17.334,6.740
10.264,-0.101
-1.748,-7.033
-3.469,-6.060
7.768,1.746
11.926,4.662
8.910,2.591
9.203,3.106
9.919,4.248
3.189,-0.893
-4.487,-5.659
-7.297,-3.809
-4.612,1.795
-4.353,6.997
-13.903,5.735
-26.217,-4.991
-29.842,-13.474
-20.761,-15.888
-6.299,-20.525
1.426,-25.649
-3.341,-24.436
-3.593,-13.066
13.759,2.081
32.361,7.613
29.302,2.297
16.280,-2.988
17.028,-2.407
26.135,-1.330
21.849,-5.268
5.334,-13.516
-6.442,-17.341
-7.718,-14.750
-7.185,-12.499
-11.806,-13.466
-19.005,-10.708
-27.862,-6.179
-35.372,-4.391
-25.331,-0.300
-7.578,1.830
0.908,-0.575
5.764,-1.369
13.437,0.557
21.787,4.842
24.715,7.775
17.029,6.036
7.850,3.468
10.360,2.369
18.230,1.877
20.918,2.334
10.763,2.287
2.000,5.207
3.721,7.802
8.306,5.558
6.221,-1.294
-3.288,-6.482
-10.746,-4.940
-17.917,-1.293
-29.035,-0.888
-29.312,-1.731
-17.802,-0.497
-15.703,0.665
-21.139,-1.678
-17.498,-4.053
-3.906,-0.407
15.038,9.560
30.165,14.229
24.799,10.102
11.416,4.732
12.402,3.671
15.935,5.376
12.482,4.354
10.106,2.540
8.943,3.436
3.152,2.129
-3.238,-2.574
-9.194,-3.903
-15.928,2.419
-24.303,7.370
-26.669,4.079
-22.178,0.810
-22.436,-1.138
-22.700,-3.175
-13.829,-5.352
-1.990,-6.143
7.810,-5.636
16.051,-5.202
21.884,-3.684
26.897,-1.264
28.792,1.653
15.473,2.285
1.324,1.008
0.318,2.273
8.460,4.156
12.067,3.908
3.370,1.444
-7.341,-0.704
-12.396,-3.556
-14.856,-5.516
-17.870,-5.028
-18.606,-2.433
-10.637,2.180
-5.468,3.418
-10.117,-0.190
-8.271,-2.276
1.254,0.236
4.254,3.884
5.251,5.356
7.506,1.040
3.196,-8.659
-2.629,-14.837
1.996,-8.477
13.064,4.261
19.696,11.359
18.255,9.380
12.443,2.814
8.386,-0.205
4.605,0.322
1.441,2.185
-3.764,2.387
-8.536,-0.877
-10.331,-3.792
-8.988,-2.447
-8.631,-0.138
-14.313,-1.258
-21.172,-4.219
-24.939,-6.009
-21.413,-2.345
-7.736,6.327
5.710,13.021
9.938,16.321
11.038,16.493
17.413,15.316
25.001,16.357
29.673,16.527
25.414,10.021
16.717,3.926
17.031,2.656
13.498,1.213
0.515,-0.476
-8.366,-1.455
-8.119,-3.727
-4.099,-0.728
-2.731,8.303
-11.107,11.330
-23.785,6.452
-23.796,5.872
-11.089,12.890
5.346,19.393
12.199,18.911
4.984,11.137
1.771,3.721
11.876,5.729
25.390,17.312
27.020,20.002
14.848,7.963
3.962,-4.910
8.711,-2.401
21.912,7.432
18.812,8.551
2.586,4.009
-2.754,-1.233
0.890,-5.410
1.800,-5.181
-12.296,-6.953
-32.667,-15.043
-40.430,-19.820
-39.863,-14.475
-36.800,-6.756
-31.717,-3.536
-20.908,-1.145
-4.139,1.573
8.713,1.596
11.033,-1.573
10.989,-2.630
9.822,-0.256
10.051,0.801
14.723,-0.557
22.942,-0.712
20.631,-0.300
3.121,-3.001
-7.073,-8.294
0.838,-8.763
9.208,-7.553
4.443,-8.062
-6.430,-9.034
-13.848,-10.437
-12.897,-13.130
-9.710,-13.074
-16.538,-8.128
-29.071,-5.421
-32.176,-5.272
-23.155,-1.739
-3.651,4.999
16.288,10.241
22.762,9.750
13.641,6.908
2.204,2.546
6.659,-3.823
18.353,-6.945
18.532,-3.521
9.003,-0.520
4.992,-0.856
3.691,-2.978
-1.306,-5.023
-4.341,-6.009
-5.328,-4.125
-8.703,0.549
-7.560,3.888
-4.700,5.854
-9.967,6.315
-18.035,1.144
-22.625,-7.218
-28.006,-14.496
-33.153,-18.561
-27.013,-21.278
-10.190,-21.824
10.099,-16.796
15.896,-11.390
8.014,-10.482
2.583,-10.800
1.476,-7.663
3.847,-2.487
10.312,1.725
15.082,7.438
13.672,13.406
12.295,15.238
12.856,12.203
7.919,6.166
2.420,5.893
-1.024,8.903
-5.760,8.035
-17.007,3.856
-26.262,0.942
-20.513,2.359
-13.624,2.536
-10.224,3.080
-6.177,6.483
4.595,9.813
20.278,8.791
32.615,7.469
31.242,7.567
21.375,9.207
16.905,12.486
19.200,15.160
21.385,16.885
19.748,13.665
12.226,3.250
2.796,-7.187
3.917,-9.000
11.345,-0.296
6.068,8.285
-1.837,9.612
0.972,6.795
3.501,0.456
-7.526,-3.576
-17.425,2.114
-7.156,10.710
5.297,9.570
4.823,-0.164
-5.351,-10.221
-9.457,-13.802
0.873,-10.732
6.182,-6.028
3.331,-4.876
0.205,-9.551
1.495,-15.240
3.540,-19.115
-0.804,-19.520
0.737,-12.569
14.066,-1.313
22.583,6.218
16.251,4.453
-1.746,-2.242
-12.668,-2.506
3.399,8.359
30.510,19.960
20.213,16.811
-26.394,1.428
-46.180,-5.384
-18.835,1.890
15.852,7.788
23.402,6.536
7.671,0.454
-5.270,-8.346
-1.781,-13.263
9.915,-13.989
17.308,-13.993
18.298,-9.057
21.413,0.273
23.262,7.344
16.286,11.569
8.506,17.196
7.147,24.058
9.349,26.421
12.867,20.774
10.511,13.087
-2.229,9.344
-15.646,7.374
-22.651,3.572
-18.542,0.022
-7.502,-3.877
-15.985,-10.019
-31.632,-10.182
-16.931,-3.871
11.051,-0.336
16.286,-2.511
8.532,-3.010
8.624,0.183
17.651,7.988
21.415,11.240
14.620,6.097
13.646,1.672
16.382,1.224
6.102,-1.294
-4.554,-6.555
-4.144,-9.993
-7.660,-14.106
-16.095,-19.152
-23.655,-15.735
-28.123,-10.445
-27.940,-14.314
-19.265,-15.711
-8.616,-4.755
-7.599,9.020
-6.547,14.214
5.453,12.767
15.971,10.319
10.519,6.055
4.708,5.946
7.768,12.691
7.816,12.887
3.481,1.394
-0.864,-8.998
1.627,-11.791
-0.599,-10.538
-15.701,-9.795
-24.215,-8.965
-21.852,-5.359
-21.123,-4.259
-30.271,-9.747
-42.000,-16.860
-45.001,-16.423
-29.783,-3.999
-6.909,7.164
5.388,7.655
9.369,3.994
16.407,4.253
21.918,4.807
14.799,0.260
4.004,-5.035
6.139,-6.813
14.467,-4.245
5.855,-6.508
-13.082,-19.326
-16.844,-28.313
-12.604,-28.751
-15.519,-27.666
-24.052,-28.952
-31.301,-30.924
-31.497,-28.643
-24.146,-21.491
-13.805,-13.673
-14.219,-11.526
-15.060,-12.694
-3.692,-9.355
5.213,-4.774
7.293,-4.890
8.842,-9.297
12.440,-10.778
12.569,-8.953
4.991,-10.660
-4.870,-17.237
-10.163,-19.839
-10.350,-15.569
-8.332,-9.534
-6.333,-6.327
-5.395,-7.510
-4.489,-6.894
-2.117,-0.516
-2.267,4.599
-2.855,3.781
6.181,4.358
12.147,7.329
6.210,6.735
-3.244,1.152
-8.174,-7.196
-2.081,-15.830
10.060,-19.801
11.222,-18.889
-0.816,-18.597
-9.700,-20.044
-7.058,-16.133
0.212,-6.000
6.893,4.086
12.546,8.630
12.610,7.850
8.266,7.405
5.117,7.707
3.518,6.194
-1.673,4.527
-7.426,1.767
-8.462,2.522
-2.250,5.317
2.298,4.172
5.528,3.216
9.640,4.064
13.771,6.875
18.992,8.765
22.066,8.453
19.451,6.322
13.938,6.266
15.147,7.942
22.697,10.349
21.497,12.188
8.903,14.163
2.996,16.219
11.100,15.863
19.598,15.047
22.495,17.170
11.250,16.123
-5.332,10.316
-7.330,7.311
-1.384,12.190
4.176,16.869
9.244,11.888
12.436,5.950
11.726,7.278
11.176,12.222
14.648,17.107
12.791,19.361
11.589,17.280
7.016,11.945
-9.268,7.964
-16.832,8.093
-11.021,8.755
-4.664,6.945
-3.016,4.464
-0.862,4.158
2.638,4.097
0.927,3.473
-3.375,5.518
1.358,8.570
7.003,8.426
0.316,3.890
-4.355,-1.966
4.587,-2.886
10.844,-1.880
-5.081,-4.938
-20.028,-9.551
-14.335,-8.873
-6.269,-6.211
-7.695,-6.704
-8.710,-5.666
-5.327,0.773
-0.988,2.328
-0.382,-2.811
-0.527,-5.505
0.007,-4.672
0.144,-3.104
-0.580,-1.268
-3.639,-2.576
-5.370,-5.890
-4.712,-8.826
-1.030,-9.103
-0.282,-6.689
-4.132,-4.129
-5.988,-0.008
-7.302,1.160
-8.755,-6.128
-9.194,-10.528
-5.897,-10.152
2.448,-10.127
1.020,-11.476
-10.062,-12.018
-13.339,-11.134
-9.812,-8.951
-11.813,-8.744
-14.253,-9.565
-7.017,-9.362
3.657,-8.396
6.378,-6.551
-2.644,-5.528
-8.245,-3.213
-3.266,0.887
3.747,1.184
9.473,3.293
12.362,7.606
10.231,6.646
6.903,3.530
4.215,3.452
-1.020,4.449
-4.110,3.631
-6.387,1.812
-8.340,0.973
-6.853,3.396
0.789,9.528
7.418,13.581
3.304,10.105
-5.892,3.760
-5.942,1.914
-6.582,3.951
-16.314,4.549
-22.912,1.490
-18.284,-1.273
-7.936,-0.595
-2.088,3.055
-4.962,5.321
-9.654,5.322
-11.579,4.125
-9.925,4.267
-0.966,8.336
9.416,12.412
8.531,11.259
-5.328,7.853
-10.743,7.473
-2.497,8.914
0.854,7.666
-0.004,8.123
2.781,10.489
1.990,10.837
-0.610,8.133
0.758,4.955
1.881,4.374
-1.188,6.969
-4.263,8.139
8.267,9.857
24.640,12.397
12.750,9.155
-8.983,2.337
-10.040,-0.757
0.835,-0.994
5.517,-1.560
3.287,0.457
0.810,3.208
1.734,3.996
3.853,5.711
1.946,6.972
1.765,6.191
5.400,6.746
5.473,7.244
9.228,7.237
20.306,9.109
17.011,10.205
0.539,8.640
-5.896,7.050
-1.238,6.982
0.144,8.095
0.451,12.177
5.522,16.424
9.474,17.505
6.024,15.311
0.319,11.640
-2.931,10.647
0.214,11.077
9.509,10.463
9.141,8.121
-5.752,7.050
-10.274,10.392
0.317,13.132
7.049,13.452
2.176,14.194
-5.942,10.756
-5.210,4.000
-0.654,0.577
-1.845,-0.844
-3.294,-2.589
-1.583,-3.188
2.987,-1.043
3.301,0.555
-1.936,2.298
-3.681,5.987
2.087,9.372
3.134,9.698
-1.796,9.290
-3.267,9.685
-1.165,5.892
3.345,-0.789
8.474,-2.193
2.950,-0.274
-8.911,-1.469
-10.324,-4.058
-5.442,-4.301
1.130,-2.287
14.109,1.101
16.441,1.918
-6.514,-2.899
-20.750,-5.064
-9.419,0.910
4.550,6.888
1.442,5.311
-5.727,-0.534
-6.394,-5.048
-1.365,-4.454
3.447,-0.991
5.064,1.101
7.696,3.534
7.335,4.631
-0.474,1.876
-5.329,0.203
-2.391,1.564
1.086,2.640
1.474,2.152
3.025,2.000
-2.529,4.118
-8.480,4.817
-10.148,-1.655
-11.401,-8.861
-11.850,-7.433
-9.078,-2.571
-5.361,-2.446
0.622,-2.751
5.642,1.808
-0.616,2.594
-10.114,-4.324
-9.383,-7.631
-10.710,-8.789
-13.152,-10.023
-7.732,-7.755
1.292,-2.240
4.078,2.525
-3.055,1.899
-12.252,-3.367
-11.745,-5.353
-0.675,-0.844
4.714,2.329
-1.962,0.870
-5.300,-0.525
0.743,2.109
9.636,4.557
14.705,1.273
9.525,-3.221
-2.300,-3.645
-6.221,-2.229
-2.746,-3.161
2.082,-5.428
5.775,-6.479
4.960,-7.375
1.901,-7.322
0.525,-4.339
2.035,0.686
1.344,2.442
-3.520,-0.626
-4.268,-4.767
-4.133,-5.800
-1.463,-2.838
6.649,0.357
7.708,-1.668
1.373,-6.755
2.827,-7.833
15.330,-4.206
21.421,-1.755
4.881,-4.954
-6.221,-7.334
3.373,-5.294
13.708,-2.975
8.263,-0.477
-2.506,2.723
-6.787,1.682
-4.229,-1.453
3.229,-1.814
9.649,-0.708
10.362,-0.403
4.654,0.273
0.101,2.009
3.961,4.072
4.425,3.817
-0.899,2.719
-3.634,1.222
3.611,2.249
10.060,3.247
3.985,1.470
-5.062,-2.018
-9.888,-4.008
-8.845,-1.801
-2.183,1.833
5.911,5.358
7.512,6.587
-1.048,4.448
-3.814,2.604
7.614,3.767
13.009,4.616
3.504,3.240
-6.429,1.889
-1.579,4.718
9.132,8.179
9.930,4.233
1.274,-2.109
-9.292,-4.946
-10.716,-5.823
-2.054,-4.257
-0.399,-3.761
-5.953,-4.086
-3.553,-1.806
2.948,-0.392
9.207,0.957
10.507,0.742
4.627,-1.800
-5.154,-4.347
-9.871,-2.820
-5.089,1.216
2.208,2.429
2.006,-2.683
-2.553,-7.530
-5.525,-6.776
-7.331,-4.725
-3.457,-3.021
4.306,-0.280
4.442,-0.423
-4.749,-4.838
-10.550,-9.212
-7.713,-8.059
-1.192,-1.461
6.530,1.798
10.476,-0.928
3.646,-3.927
-1.450,-4.924
4.479,-5.503
4.992,-6.963
-6.447,-8.760
-8.949,-8.267
1.688,-6.448
8.230,-5.114
5.976,-4.678
2.573,-5.352
6.216,-2.651
9.335,0.895
5.046,0.476
-4.310,-2.693
-10.565,-4.498
-8.592,-3.051
-4.513,-1.136
-4.538,0.696
-5.908,3.059
-5.079,3.419
-4.673,3.622
-4.964,6.766
0.165,9.058
3.949,9.169
4.830,7.823
-0.981,3.270
-8.215,-0.393
-7.090,1.101
0.531,7.306
4.371,11.644
2.579,5.180
3.912,-4.091
8.547,-5.949
10.338,-1.427
4.221,2.725
-9.770,1.466
-11.387,-0.400
1.654,2.857
9.848,7.006
10.330,6.743
4.278,2.835
-3.165,0.209
-6.250,1.760
-7.792,0.401
-11.729,-5.972
-12.913,-7.334
-6.806,0.371
-0.999,2.848
-0.303,-5.995
3.431,-10.177
7.023,-8.924
-1.016,-10.812
-10.611,-14.221
-8.475,-11.014
-4.660,-4.776
-6.135,-3.620
-5.208,-3.928
0.101,-2.741
4.772,-1.433
5.881,-0.912
2.891,-3.338
-2.584,-9.434
-4.680,-12.103
1.276,-6.199
2.267,-1.372
-5.757,-0.625
-8.506,1.232
-1.163,0.954
2.576,0.659
0.900,4.646
-1.158,7.883
-3.570,6.481
-6.890,3.099
-5.007,3.799
2.684,8.293
7.682,10.284
6.366,12.945
-0.453,13.835
-2.514,9.354
2.899,5.019
5.209,1.965
4.524,0.137
4.341,2.140
2.109,5.077
2.100,5.064
10.064,4.388
16.525,4.049
7.321,3.143
-8.381,1.702
-6.304,2.981
4.507,5.165
5.864,4.880
1.373,5.633
-1.249,7.690
-5.323,7.744
-9.389,6.004
-5.876,4.112
1.642,4.390
8.886,8.760
6.950,10.133
-1.148,5.861
-4.053,0.646
-2.332,-1.572
-3.409,-1.790
-4.925,-1.627
-1.513,-0.501
4.099,1.298
5.368,0.491
1.690,-1.757
1.613,-1.848
7.913,-0.691
6.693,-3.146
0.505,-7.408
3.521,-9.358
5.824,-8.902
1.722,-7.925
-5.713,-7.998
-8.998,-6.453
-4.774,-3.255
1.151,-2.449
5.706,-1.269
5.921,-0.092
-1.847,-2.668
-8.208,-6.205
-6.362,-5.655
-1.929,-2.711
-0.385,-1.256
-0.296,-3.246
2.046,-5.737
5.286,-3.530
7.748,3.315
7.725,5.912
2.416,-0.102
-5.794,-8.158
-10.233,-12.533
-11.909,-13.230
-11.646,-9.450
-8.603,-4.367
-6.911,-4.946
-4.003,-9.125
-0.595,-12.919
-4.448,-14.339
-7.399,-10.552
-7.204,-8.106
-8.167,-11.306
-9.121,-14.055
-9.717,-13.149
-6.127,-7.764
1.389,-0.055
4.518,3.912
1.799,2.192
1.051,0.305
1.612,-1.109
1.726,-1.696
3.607,-0.806
7.566,-1.265
10.843,-1.430
8.662,-2.496
2.999,-8.096
3.149,-11.416
9.829,-9.035
17.149,-6.372
13.032,-6.173
-9.263,-8.267
-16.291,-7.996
4.941,-3.929
26.621,-1.303
29.408,-3.603
16.122,-6.001
1.062,-4.436
-1.470,-0.167
3.822,4.603
2.621,6.281
-7.137,3.063
-11.922,0.819
-8.771,3.248
-1.834,6.518
-1.125,3.050
-6.813,-1.650
-6.885,-2.277
-1.664,-0.609
-1.040,0.118
-1.465,1.726
2.533,4.306
1.196,5.738
-2.830,3.764
-6.370,-0.275
-10.799,-0.949
-15.572,-3.609
-13.222,-7.254
1.479,-2.127
11.460,5.060
5.878,5.595
-7.706,2.386
-15.879,0.523
-15.173,3.488
-9.195,5.846
-1.251,3.737
3.119,-1.363
-0.376,-3.643
-1.418,1.478
6.326,7.029
10.216,5.933
-1.717,0.941
-9.264,1.245
-0.350,6.395
9.556,10.034
9.617,11.823
6.346,12.685
8.183,11.784
15.639,11.877
14.793,10.527
3.292,6.900
-0.467,5.581
9.296,8.431
16.055,11.264
4.583,12.767
-9.040,12.608
-9.966,9.756
-6.714,6.762
-8.721,3.657
-5.155,3.690
9.428,7.693
17.978,8.785
10.419,5.164
-2.969,-1.341
-2.851,-4.928
4.024,-3.629
7.578,1.419
4.461,4.725
-1.868,4.692
-3.316,3.668
1.022,4.208
6.533,7.803
10.892,10.501
10.733,7.158
8.002,2.379
6.990,5.262
4.983,10.254
2.011,8.517
1.211,2.751
5.820,2.271
9.835,7.274
8.536,8.962
0.924,5.998
-0.083,5.543
1.064,5.615
-1.762,4.804
2.714,6.776
7.220,7.041
3.272,2.093
