2.279,7.251
2.292,7.246
2.129,7.238
2.125,7.804
5.143,10.543
9.355,9.463
12.328,4.337
8.274,-0.662
0.660,-2.782
-1.100,-1.681
-0.823,0.231
-3.299,2.333
-5.004,6.643
-8.908,4.458
-5.104,2.973
9.838,8.255
9.657,10.014
0.244,7.366
0.536,6.835
4.691,8.832
3.707,9.426
1.757,6.942
2.330,2.056
1.400,-2.041
-0.143,0.735
-1.860,2.487
-5.692,-7.040
-3.907,-10.913
1.262,-3.016
2.952,5.091
2.440,5.537
1.928,0.622
3.047,-3.196
1.170,-2.821
1.970,2.554
3.041,5.796
-0.101,4.530
-2.488,1.924
1.430,1.123
12.784,2.949
13.409,0.527
0.700,-5.132
-9.464,-7.217
-10.101,-5.365
-5.840,1.254
-2.556,11.107
-4.021,10.008
-2.801,-0.287
3.677,-2.705
5.098,3.530
-8.036,0.279
-18.497,-6.188
-11.908,-0.940
-0.102,6.479
2.097,2.950
-1.690,-4.495
-5.187,-8.679
-7.088,-9.126
-11.777,-9.205
-13.813,-6.833
-10.986,-2.619
-9.133,1.276
-8.765,2.470
-3.303,1.844
0.356,2.356
-6.427,2.609
-14.831,-1.382
-15.844,-7.073
-9.659,-9.554
-0.009,-7.543
6.625,-3.102
5.158,-2.161
1.814,-3.606
3.451,-0.404
7.108,6.056
4.512,8.656
-0.811,8.329
-2.189,3.322
0.366,-2.283
-0.634,-2.411
-5.409,0.052
-6.746,-0.939
-3.387,-6.139
4.111,-6.905
7.688,-2.784
4.609,0.188
0.262,2.325
-0.295,0.246
-0.992,-5.780
-2.867,-7.921
-5.327,-5.569
-5.720,-2.613
-2.405,-3.128
2.776,-3.256
6.177,0.213
6.057,0.275
0.260,-6.560
-7.010,-13.336
-2.991,-10.903
10.266,-1.780
11.099,4.790
-1.916,0.664
-6.883,-5.699
0.306,-7.097
7.126,-3.241
5.946,2.066
2.556,3.404
1.095,-0.233
2.256,-1.924
2.634,-6.914
1.330,-15.875
1.188,-18.418
4.927,-12.086
4.009,-6.330
4.474,0.506
12.368,6.833
15.254,8.918
10.328,8.629
7.568,9.206
9.085,8.782
10.563,7.366
8.538,5.695
3.431,3.407
-0.571,0.220
0.543,-0.717
4.553,4.054
6.788,9.475
5.741,10.149
4.062,7.960
3.555,5.236
2.530,4.586
0.821,7.743
4.649,9.612
11.348,8.134
10.006,6.176
6.024,6.937
14.979,13.228
23.292,17.332
17.907,12.151
8.589,3.947
0.191,-1.859
-3.085,-4.471
-1.813,-3.324
0.154,0.448
1.929,2.003
6.408,4.384
8.801,8.940
3.905,9.995
-2.684,6.085
-3.379,0.834
-2.482,-1.508
-2.109,-0.694
0.912,3.159
1.298,9.073
0.544,12.727
2.377,9.881
4.237,6.587
0.931,6.877
-1.558,8.060
2.143,5.836
5.907,3.887
6.371,4.032
0.567,3.690
-9.445,1.753
-14.152,-2.201
-2.599,0.144
7.418,7.002
0.407,3.856
-7.811,-5.191
-1.030,-1.750
5.161,6.374
-0.175,5.356
-3.642,1.168
-2.117,-1.331
-4.617,-5.053
-8.160,-9.466
-7.725,-9.607
-2.511,-3.646
0.446,1.868
-1.716,3.004
-7.298,-3.066
-12.226,-8.215
-9.051,-2.342
-1.854,3.727
-2.933,-1.069
-7.134,-6.450
-4.398,-5.973
-3.300,-4.968
-6.123,-5.156
-4.362,-2.599
2.106,2.581
2.789,2.330
-0.690,-3.241
-4.520,-6.922
-5.392,-8.356
0.855,-8.078
5.489,-2.918
5.211,4.329
3.051,5.277
2.355,1.251
4.426,1.422
7.818,4.847
5.138,3.843
-4.311,-1.286
-6.751,-3.994
0.482,-2.157
2.094,-2.673
-3.869,-6.747
-4.006,-7.097
-2.748,-5.409
-6.977,-5.335
-7.826,-3.064
-3.046,-0.704
-2.530,-0.996
-5.894,-0.353
-1.078,1.533
12.235,-1.282
15.844,-5.942
-0.308,-5.026
-11.165,-3.456
-8.856,-5.179
-4.701,-5.740
-2.071,-2.124
-0.905,3.901
-5.308,4.987
-9.829,-0.476
-4.330,-2.633
1.289,0.161
0.091,0.700
-0.903,-0.433
2.374,1.056
0.808,3.375
-2.676,3.330
-1.756,4.730
3.411,5.944
8.889,-0.359
4.782,-7.076
-5.056,-8.125
-3.364,-3.120
0.432,0.600
-5.832,-4.095
-9.786,-8.710
-2.184,-4.468
4.188,4.120
-0.820,6.375
-5.370,0.127
-0.473,-2.992
3.861,0.749
6.296,2.991
3.091,2.427
-5.098,3.691
-8.283,3.317
-4.236,-2.136
1.301,-4.656
5.040,-1.460
2.109,0.891
1.190,-1.757
9.015,-4.202
8.025,-1.939
-1.014,3.991
-5.809,3.584
-8.220,-1.952
-5.220,-1.415
-0.482,1.666
-0.351,2.520
-2.693,2.617
-2.208,0.987
5.648,1.606
13.009,2.291
9.768,0.375
0.322,0.423
-5.145,-2.887
-5.631,-7.097
-0.279,-3.424
4.011,1.689
4.204,1.740
7.853,2.038
10.654,4.454
7.087,4.244
6.749,2.430
3.324,3.311
-5.772,4.990
-12.216,3.044
-7.082,-0.005
3.728,-0.249
3.800,2.477
-3.970,4.483
-4.621,3.145
-2.488,-1.972
-0.171,-4.202
5.129,-0.830
5.500,-0.486
-0.777,-4.263
-3.801,-5.967
-3.960,-8.281
-3.058,-10.552
-4.024,-7.077
-3.829,-2.346
1.090,-0.084
1.734,3.076
2.212,7.399
9.207,9.635
11.101,10.300
3.440,7.793
2.393,4.959
6.567,5.327
4.772,5.766
1.085,3.464
2.221,-0.108
2.896,-2.947
1.557,-1.657
-1.749,-0.275
-3.644,-1.226
-2.498,-0.621
-2.393,2.186
-4.224,7.949
-5.063,8.232
-5.000,2.038
-2.997,0.819
-1.104,2.651
0.854,3.875
2.955,6.694
-0.529,6.304
-5.033,1.892
-2.582,0.000
-2.006,0.557
-9.196,-1.075
-12.814,-3.577
-4.872,-2.363
3.199,-0.708
4.903,0.080
4.254,3.294
4.006,8.525
2.696,7.684
-0.746,-0.704
-6.261,-6.967
-7.714,-6.326
-6.302,-2.335
-5.143,-2.483
-4.880,-3.027
-3.934,-2.327
-3.568,-2.911
-4.645,-3.950
-4.702,-2.851
-5.773,-1.032
-5.352,-0.806
2.239,-0.675
8.003,3.094
0.952,2.480
-3.147,-3.842
-1.772,-5.137
-5.423,-2.698
-13.298,-4.143
-15.093,-5.308
-7.556,-3.516
3.805,-1.144
10.300,1.019
2.452,0.541
-6.302,0.047
0.527,2.255
8.959,4.090
4.068,1.922
-2.648,-2.300
-5.675,-5.940
-4.407,-4.755
4.968,2.225
13.622,7.144
10.260,3.075
3.934,-1.574
5.207,-1.845
10.875,-5.036
10.986,-9.246
7.635,-9.918
12.525,-6.642
22.093,-3.222
17.637,-2.678
-3.288,0.240
-12.154,2.366
-8.462,4.011
-7.198,7.158
-6.791,9.358
-3.920,9.401
-2.870,-0.651
-8.711,-12.574
-13.340,-11.814
-11.560,-5.847
-4.573,-4.487
1.084,-5.742
5.684,-3.424
5.970,-0.132
-0.360,-0.890
-2.956,-0.483
-1.108,1.606
0.069,4.446
-0.811,6.797
-2.965,2.520
-2.764,-2.642
-3.072,-2.613
-3.367,2.415
0.901,4.144
5.503,2.992
3.659,1.500
1.467,1.506
4.370,4.842
4.053,6.151
-1.999,2.979
-7.037,0.188
-4.626,2.307
-0.844,3.901
-1.057,4.021
0.859,5.083
6.057,0.693
6.465,-2.124
-2.096,2.659
-6.829,4.807
-3.250,3.013
2.951,3.479
8.905,5.746
12.690,7.769
7.987,8.547
-3.241,7.343
-5.661,5.880
2.674,6.497
9.958,9.476
7.956,10.045
2.780,7.948
5.163,3.860
11.477,-0.046
11.267,-0.731
3.838,2.784
1.253,6.449
1.223,5.230
3.313,2.602
9.166,0.785
12.118,0.286
1.722,-1.936
-7.381,-4.447
0.440,-1.561
9.308,3.779
3.923,7.150
-1.613,12.156
2.940,14.962
6.919,8.217
6.261,-0.531
4.583,-0.545
4.869,2.465
4.936,0.042
8.235,-1.640
9.322,3.039
4.589,7.269
0.625,8.341
3.145,9.329
11.268,8.645
12.293,8.084
-1.119,7.941
-13.542,5.699
-13.303,3.641
-6.039,-1.748
0.611,-5.473
4.905,-2.738
4.816,-0.771
2.355,-2.270
0.109,-1.482
-2.844,-0.032
-4.435,-0.927
-5.963,-2.889
-7.792,-4.978
-6.936,-6.976
-3.322,-6.724
-3.590,-5.101
-8.908,-7.107
-10.918,-9.040
-5.584,-6.183
-3.287,-8.323
-5.706,-13.286
-4.584,-11.696
-0.162,-7.055
0.419,-4.474
-4.488,-4.174
-6.594,-4.975
-6.068,-5.809
-5.902,-5.388
-8.594,-5.238
-6.267,-2.665
-0.743,-0.452
-0.362,1.123
-2.644,3.692
-1.122,8.406
1.789,11.008
4.060,11.759
7.773,17.396
11.073,22.958
14.613,18.002
14.484,7.562
10.417,8.032
7.551,16.469
4.619,15.480
-1.020,7.515
-4.340,7.241
4.433,17.307
12.630,26.456
8.118,27.502
2.172,24.004
0.264,19.670
4.400,18.734
11.811,22.406
13.411,26.965
10.769,28.303
10.335,24.508
11.676,19.986
8.911,21.453
5.702,23.110
7.062,20.784
9.597,19.448
11.120,18.341
18.343,20.009
22.670,25.218
13.806,26.364
6.096,21.337
7.623,18.048
7.405,19.233
3.267,19.223
3.019,16.511
11.637,16.482
13.095,18.469
7.209,16.767
3.138,15.040
1.169,15.081
-2.574,12.013
2.031,12.641
11.028,16.685
9.995,15.955
0.285,10.761
-4.269,5.669
0.549,2.408
5.280,1.404
5.884,3.733
6.778,8.468
5.832,8.183
-0.233,-0.326
0.208,-5.866
6.824,-0.617
1.043,3.423
-16.105,-3.740
-15.428,-8.755
1.176,-3.478
10.398,0.520
9.422,-4.667
1.171,-8.898
-4.710,-3.683
-0.530,1.590
-5.762,-6.583
-17.210,-19.799
-17.448,-20.984
-5.663,-11.423
5.847,-4.983
4.587,-7.575
-1.975,-12.078
-6.891,-12.236
-8.740,-8.769
-6.569,-5.541
-5.489,-6.661
-3.363,-6.422
-0.677,-2.885
-5.042,-1.771
-11.318,-5.573
-9.682,-6.927
-3.926,-2.932
-1.547,-1.743
1.197,-4.510
0.503,-5.004
-1.835,-2.688
5.088,2.309
12.780,8.624
4.039,5.723
-11.731,-9.936
-16.513,-21.664
-8.928,-16.111
-4.229,-3.591
-5.007,1.034
-5.352,-4.958
-8.903,-11.998
-12.239,-12.563
-13.031,-11.654
-12.065,-11.862
-7.676,-10.238
-2.479,-7.027
2.015,-1.091
3.946,3.250
4.854,4.494
8.353,6.842
14.443,8.987
13.750,4.660
6.058,0.516
-5.642,-2.539
-13.200,-8.948
-12.982,-15.198
-10.682,-16.113
-12.322,-17.544
-22.040,-25.026
-30.640,-29.501
-26.480,-23.575
-9.703,-12.401
-2.279,-9.065
-6.626,-8.352
-2.438,-0.669
11.037,6.596
17.558,6.141
14.007,2.750
5.905,3.316
5.927,6.671
8.996,3.733
5.455,-4.969
-0.195,-10.509
-3.225,-8.836
-11.372,-8.689
-20.208,-10.980
-24.812,-14.555
-31.742,-22.149
-31.051,-23.301
-15.168,-15.398
1.144,-8.830
6.083,-7.016
10.474,-2.670
17.549,5.336
25.153,13.173
27.233,13.436
19.711,6.591
12.139,5.728
10.501,12.609
6.237,13.552
1.113,6.679
-2.253,-1.756
-10.043,-10.692
-19.988,-20.364
-22.966,-29.988
-25.362,-34.994
-26.626,-33.279
-18.109,-27.208
-12.402,-27.439
-7.584,-26.085
9.026,-11.841
22.779,3.211
21.986,7.434
15.957,5.408
13.528,4.401
16.370,7.002
20.018,8.838
17.246,4.063
9.687,-1.900
-1.253,-8.397
-10.414,-14.246
-14.557,-18.012
-14.642,-19.643
-15.994,-16.473
-22.239,-11.785
-23.936,-10.504
-14.566,-6.086
-1.600,4.239
3.266,5.222
4.531,-4.228
5.893,-7.269
12.285,-0.945
20.081,-0.160
15.430,-5.666
4.936,-6.030
0.376,-8.543
-1.822,-18.338
-1.367,-18.939
-0.736,-12.360
-4.324,-8.030
-10.740,-6.401
-11.021,-0.169
-1.476,15.172
7.751,23.119
14.059,20.606
18.515,17.291
20.504,13.087
20.280,4.552
19.143,-3.190
18.543,-6.210
9.615,-5.521
-9.452,-8.348
-20.649,-13.740
-16.627,-18.411
-8.331,-20.148
-4.241,-16.306
-5.295,-13.040
-2.771,-10.483
7.291,0.395
16.701,18.010
18.167,23.303
14.487,15.718
14.635,10.816
18.005,8.876
21.074,5.079
16.208,4.000
2.206,3.945
-8.799,2.943
-13.910,-0.935
-20.112,-9.074
-28.474,-15.665
-34.711,-18.091
-31.265,-19.780
-20.375,-22.839
-11.136,-21.528
-3.387,-9.618
-0.007,-0.468
1.777,-0.617
14.390,2.471
26.568,11.589
25.198,17.800
19.411,20.027
22.425,19.800
30.367,21.689
30.553,20.674
15.322,10.772
-0.550,0.476
4.003,-0.449
5.766,5.247
-6.202,7.532
-15.515,5.096
-22.990,0.477
-27.881,0.410
-28.151,4.711
-25.687,4.225
-26.238,-2.098
-26.167,-4.969
-20.163,-3.365
-13.211,-3.622
-5.958,-4.370
8.169,0.422
24.250,10.012
24.863,16.279
17.486,18.127
13.861,16.302
15.641,14.616
12.899,12.880
6.075,10.265
1.749,5.759
1.372,3.101
-1.317,2.404
-10.505,1.069
-18.597,3.115
-24.739,3.085
-26.239,-2.103
-20.299,-7.104
-14.051,-8.721
-17.601,-9.997
-19.607,-8.044
-4.047,0.486
13.554,9.846
12.983,13.935
3.310,7.682
3.683,0.965
11.165,0.628
16.189,-0.748
8.240,-2.366
-3.101,-0.799
-3.943,1.528
1.445,1.188
4.620,-0.038
-2.954,-2.128
-15.712,-3.950
-21.535,-5.447
-19.418,-7.876
-13.528,-8.266
-6.839,-4.422
-4.284,-5.684
-12.491,-20.752
-21.454,-34.567
-13.850,-37.256
3.912,-30.762
9.461,-22.765
5.695,-16.680
7.823,-11.396
13.594,-4.911
18.353,6.608
19.042,16.117
15.876,17.856
7.654,15.276
5.680,13.809
8.119,9.269
5.456,2.380
-5.085,-6.192
-14.349,-9.624
-13.671,-4.875
-8.767,1.882
-9.876,4.540
-13.664,1.390
-12.895,-3.298
-6.173,-2.146
2.407,4.900
9.779,11.941
10.686,10.423
3.566,0.429
0.586,-6.709
9.234,-4.684
17.137,-2.438
9.104,-8.077
-2.094,-12.337
7.129,-4.838
21.217,7.837
16.498,12.947
7.342,10.784
6.627,8.929
8.920,8.397
15.855,5.298
7.111,-3.326
-13.847,-10.721
-21.997,-13.613
-21.252,-16.718
-20.778,-18.481
-17.024,-14.051
-17.429,-11.017
-22.836,-11.662
-23.426,-9.371
-21.483,-6.372
-16.283,-1.799
-6.469,5.802
1.500,8.779
9.306,4.900
18.982,1.524
23.371,-0.613
24.483,1.189
24.937,7.797
23.768,12.450
23.300,13.748
19.549,15.325
12.500,15.045
5.412,12.537
-3.136,8.428
-16.610,0.684
-37.123,-7.810
-52.688,-10.713
-54.397,-6.844
-45.190,-2.894
-27.771,-3.469
-7.578,-1.134
6.088,3.566
16.339,5.928
28.747,6.170
34.463,6.955
30.666,12.566
22.376,17.477
19.728,16.218
21.818,11.982
23.561,8.729
23.339,4.926
20.048,-0.620
12.063,-8.333
-4.801,-20.086
-13.942,-23.268
-11.034,-14.375
-14.730,-5.038
-23.322,0.179
-23.456,6.618
-22.488,5.300
-18.534,-4.522
-9.273,-8.904
-2.875,-4.678
1.845,0.964
2.480,-0.290
2.863,-6.077
10.046,-8.277
21.539,-4.369
21.795,-1.834
9.160,-6.690
6.393,-7.403
17.965,1.662
25.369,9.972
18.008,8.550
3.393,4.849
-5.213,0.407
-10.711,-9.927
-20.252,-20.451
-27.752,-22.925
-27.597,-22.304
-19.694,-21.123
-14.615,-18.762
-22.398,-13.080
-23.272,-0.660
-10.298,7.292
3.693,9.213
12.345,12.190
16.634,14.465
17.886,15.248
17.577,14.099
15.774,6.175
15.915,-2.131
12.614,-4.501
3.308,-6.023
-1.903,-12.849
-5.835,-25.549
-9.949,-29.179
-11.608,-19.046
-13.617,-8.878
-13.102,-4.853
-7.524,-2.196
-1.101,2.829
1.033,6.106
1.169,1.747
-3.927,-7.894
-5.103,-11.056
4.872,-7.158
12.350,-3.227
7.015,-0.739
0.125,-0.937
4.316,2.259
12.808,7.993
15.828,9.814
14.747,10.681
15.087,15.366
15.483,22.298
11.912,20.779
1.834,6.179
-4.428,-4.564
-4.414,-8.139
-10.230,-15.904
-18.488,-22.965
-15.476,-19.769
-9.172,-11.291
-7.953,-1.605
-6.579,0.773
-3.220,1.269
3.799,8.932
7.823,14.199
6.958,12.970
5.714,11.697
9.472,12.215
12.254,7.900
14.123,2.773
14.977,4.331
6.608,6.341
-2.879,6.028
4.983,11.720
10.994,14.538
-2.565,8.613
-12.638,3.395
-6.010,7.702
5.588,13.468
6.218,11.307
-3.682,2.488
-2.936,-0.854
3.445,1.246
-2.714,-0.710
-6.289,-3.906
-1.879,-2.531
0.132,2.003
-0.448,4.315
5.471,8.446
10.433,12.031
5.105,10.122
-0.722,5.803
7.425,8.638
20.105,10.452
16.180,4.271
-0.290,-2.442
-10.876,-3.870
-5.901,-1.340
-0.588,-4.693
-3.121,-9.969
-13.469,-10.749
-26.747,-8.289
-28.413,-0.653
-20.952,10.667
-7.853,21.737
4.038,28.747
11.420,28.672
20.152,24.140
29.214,20.194
28.452,17.904
25.545,15.225
21.780,11.482
16.981,6.509
14.739,1.347
14.748,-1.261
18.048,3.164
14.308,8.561
1.373,8.473
-9.167,5.608
-12.655,5.700
-13.434,6.709
-17.777,3.031
-23.421,-1.003
-22.188,-3.060
-11.185,-5.664
6.773,-4.564
20.057,-2.176
19.880,-5.964
16.558,-8.175
17.495,-3.322
14.828,4.323
8.554,6.392
8.273,1.991
6.754,-2.527
-2.619,-3.014
-13.754,-1.541
-21.656,-3.343
-25.409,-8.085
-23.843,-10.521
-18.462,-8.782
-14.906,-5.644
-17.319,-4.403
-16.873,-4.327
-8.927,-3.593
0.592,-3.615
6.820,-1.059
7.173,3.013
5.051,3.204
1.613,-0.186
1.841,-4.258
8.502,-7.393
10.020,-7.034
3.089,-1.008
-2.790,3.718
-3.184,1.340
8.095,0.462
23.836,7.941
24.532,15.063
6.893,10.463
-8.335,1.187
-13.480,0.564
-21.092,5.116
-28.100,5.278
-28.798,-3.523
-26.445,-20.115
-21.755,-27.423
-19.627,-21.638
-16.707,-14.268
-7.701,-10.458
1.718,-8.430
11.102,-3.343
19.848,0.332
22.456,0.653
15.837,-0.394
8.311,-2.097
10.181,-1.708
6.393,-3.357
-4.953,-7.823
-5.448,-6.893
1.863,-4.077
-3.117,-7.443
-16.570,-9.512
-22.339,-6.832
-18.446,-4.021
-12.461,-2.393
-15.817,0.402
-15.350,5.129
-5.985,6.280
-5.594,4.508
-9.803,5.432
-5.700,5.743
3.641,0.876
2.804,-4.093
-9.347,-5.284
-12.930,-2.826
-3.609,1.995
1.926,2.675
-2.080,-3.738
-3.628,-6.551
-0.794,-1.067
3.641,5.599
9.309,9.174
9.753,9.332
2.612,5.559
-9.484,-4.178
-17.213,-10.945
-19.019,-13.309
-22.778,-22.601
-22.559,-34.489
-19.255,-35.741
-18.055,-28.269
-8.802,-19.565
3.199,-15.380
3.848,-10.689
0.015,-0.348
3.599,10.057
7.742,16.686
8.041,21.451
11.711,30.749
13.022,38.763
6.562,31.389
-1.632,18.796
-2.259,14.250
-4.685,7.814
-12.806,-4.823
-13.728,-12.153
-2.939,-9.349
9.633,-3.940
8.552,-4.760
-1.198,-8.723
-5.272,-10.969
-2.242,-11.094
2.998,-5.084
-1.957,2.265
-9.552,3.288
0.970,4.641
21.980,9.735
26.576,11.092
12.443,7.842
-1.912,6.544
-5.688,10.699
1.163,11.659
9.995,5.930
14.825,-0.084
18.840,-3.673
16.584,-7.107
3.313,-13.590
-2.757,-20.781
-0.327,-23.336
-2.967,-21.811
-10.198,-20.667
-17.939,-22.633
-23.934,-24.420
-25.641,-20.699
-22.471,-8.848
-21.553,1.719
-19.572,9.449
-11.027,15.678
3.245,19.882
14.382,18.874
16.185,12.986
12.915,2.777
15.917,-2.999
23.543,0.465
27.223,8.371
24.791,10.116
21.365,2.687
16.887,-7.048
16.133,-11.076
24.533,-3.842
16.357,3.911
-4.620,1.080
-8.206,-2.807
-4.178,1.633
-11.794,9.065
-23.943,11.804
-27.012,11.135
-23.496,7.482
-11.077,7.388
2.668,11.170
7.938,14.025
7.728,13.971
10.677,14.320
17.528,17.409
23.078,20.775
24.929,23.565
24.128,24.902
21.574,22.849
19.247,20.445
17.796,16.884
12.797,9.466
2.830,0.614
-6.328,-10.058
-7.177,-15.714
-0.571,-12.342
-8.431,-8.899
-22.975,-7.406
-23.106,-5.917
-20.047,-8.732
-17.497,-9.934
-9.619,-3.603
-7.511,2.881
-2.448,5.693
8.980,4.318
11.092,1.912
7.347,1.911
7.778,2.507
9.863,2.022
10.334,0.490
10.565,-2.509
9.412,-5.943
7.764,-6.528
3.496,-5.453
-3.855,-4.013
-6.804,-1.219
-8.312,1.181
-13.275,3.510
-15.161,4.848
-6.907,4.560
8.785,5.088
4.046,4.596
-11.564,0.399
-14.958,-7.507
-11.033,-16.341
-2.685,-17.239
1.757,-10.326
-0.929,-3.477
0.470,4.980
4.589,11.666
3.360,8.881
4.292,4.584
10.345,8.339
11.638,12.019
4.056,10.945
-1.879,4.867
0.489,-0.650
3.015,0.250
-4.096,2.988
-10.779,-2.557
-9.143,-7.863
-4.353,-3.899
-2.094,0.441
-2.019,-1.153
-0.222,-2.542
0.458,0.327
-1.804,-0.939
-0.222,-4.852
7.437,-2.526
14.531,0.683
20.525,1.337
23.446,1.262
17.227,-0.900
10.320,1.623
7.384,8.996
1.092,10.690
-5.776,7.689
-6.200,5.145
-7.359,0.886
-14.166,-5.602
-19.539,-15.102
-21.421,-23.186
-24.141,-25.602
-25.381,-25.348
-20.001,-21.947
-8.383,-12.855
1.302,-1.822
4.817,4.926
8.013,13.074
12.975,23.207
14.450,22.953
10.628,7.477
9.444,-6.762
9.704,-6.186
11.484,-0.077
4.754,-0.092
-7.281,-2.757
-14.525,-1.463
-15.717,5.479
-11.491,11.967
-6.592,12.139
0.882,10.132
10.490,12.675
14.780,15.844
11.772,14.288
-0.263,3.366
-6.383,-4.418
-1.190,-4.909
-1.738,-7.510
-13.614,-11.783
-26.035,-10.899
-20.144,1.409
-2.574,11.877
7.045,13.742
11.954,16.817
17.066,19.894
17.841,17.326
19.160,10.210
26.215,6.202
31.911,6.960
22.316,1.610
8.504,-9.617
4.665,-13.572
1.211,-11.411
-20.320,-12.581
-44.903,-16.625
-51.141,-16.003
-42.098,-9.966
-31.713,-4.636
-25.582,-6.852
-16.344,-11.855
-1.535,-14.139
16.401,-9.274
22.601,-4.529
18.118,-4.952
7.343,-7.936
4.694,-6.163
13.333,1.609
19.889,7.198
26.133,7.273
28.792,7.536
20.808,8.547
11.797,5.536
6.990,0.177
5.122,0.009
0.059,-1.864
-3.827,-5.954
-4.463,-7.539
-7.352,-6.256
-15.726,-9.204
-22.402,-9.670
-24.677,-2.377
-21.260,-1.328
-8.871,-6.365
9.404,-5.126
19.506,0.435
5.003,4.282
-8.723,9.899
-1.674,20.041
12.639,25.635
21.977,19.186
24.528,13.591
20.280,12.128
19.731,11.610
20.697,10.923
12.686,7.297
0.658,4.379
-1.012,8.980
4.564,14.794
6.623,15.036
-5.466,6.972
-22.698,2.401
-23.523,7.903
-8.780,11.125
-8.748,-0.968
-18.312,-11.026
-10.459,-9.656
8.267,-8.982
14.789,-14.118
3.587,-16.925
-4.151,-10.481
7.174,6.000
15.841,17.951
11.518,19.731
6.032,18.790
3.413,21.088
4.270,29.233
5.884,32.230
6.437,23.625
1.598,12.700
-4.419,10.199
-3.091,13.259
-5.885,12.124
-17.447,2.107
-23.884,-11.039
-17.760,-19.091
-8.635,-18.543
-9.156,-19.835
-8.964,-24.853
-0.841,-20.419
7.342,-9.333
12.195,2.749
7.095,12.482
-0.334,13.405
-0.964,12.095
4.498,15.212
10.164,19.227
13.443,18.452
14.658,18.521
9.662,17.595
6.737,7.416
8.865,-5.061
0.759,-10.697
-17.898,-8.945
-28.607,-7.662
-22.246,-8.449
-14.549,-14.435
-17.606,-23.492
-14.466,-18.866
1.404,-4.220
9.190,1.807
3.405,-2.816
-1.338,-2.753
1.440,5.790
-1.533,7.020
-0.004,4.456
6.965,2.408
8.246,0.262
-0.449,-5.593
-7.669,-11.971
-4.595,-15.190
2.687,-10.965
3.923,-3.470
-2.539,-4.926
-10.460,-10.074
-21.137,-11.199
-28.383,-7.935
-26.018,-2.398
-23.008,-2.420
-18.728,-5.980
-10.922,-9.705
0.188,-12.674
8.724,-11.220
7.637,-4.507
-0.708,-2.320
0.914,-7.435
10.724,-6.045
17.310,1.779
16.791,3.279
12.585,-1.224
8.569,-7.532
6.590,-10.652
3.252,-9.005
-5.210,-7.706
-11.854,-4.929
-13.618,-0.564
-14.505,0.359
-15.855,-7.035
-17.242,-14.871
-17.224,-13.480
-16.045,-10.033
-8.474,-11.135
-0.842,-14.268
-0.105,-17.620
-3.076,-23.006
-0.774,-25.326
5.524,-23.398
8.431,-16.291
6.646,-8.891
4.550,-3.627
6.177,2.786
12.133,10.102
17.337,13.887
16.287,8.944
10.105,5.091
2.086,5.668
-2.022,5.403
-2.510,2.290
-10.685,-4.786
-23.382,-9.951
-27.279,-10.789
-16.659,-7.548
-6.346,-6.138
-5.098,-5.807
-2.199,-2.534
6.955,3.230
14.615,7.680
13.445,11.171
8.500,14.778
7.456,18.559
3.174,16.501
0.688,8.993
3.630,4.480
4.523,6.072
2.198,7.984
1.917,5.569
4.588,5.331
6.690,9.167
7.883,9.662
16.842,7.861
24.788,7.266
12.292,5.786
-1.778,4.472
-2.443,2.771
-2.604,1.224
-8.590,2.573
-11.028,4.074
-6.896,-4.822
-2.996,-11.977
-3.041,-1.609
-1.194,12.080
9.016,15.564
16.528,12.617
8.361,8.580
0.079,8.161
1.676,11.314
6.479,10.214
7.590,6.534
6.168,6.510
11.598,2.979
13.882,-2.128
1.843,-1.682
-7.552,2.058
-6.633,3.374
-8.415,-2.590
-16.119,-8.001
-18.839,-7.971
-16.202,-4.522
-11.812,1.808
-5.323,7.882
-2.417,10.035
-8.620,8.083
-12.156,2.476
-5.744,-0.871
1.706,1.240
4.587,4.868
10.868,8.947
19.260,12.685
19.562,15.143
20.725,16.624
19.629,13.248
10.531,6.421
6.751,1.969
10.829,3.005
11.464,10.788
-3.761,9.936
-15.889,-4.950
-13.747,-13.942
-5.917,-5.612
-7.248,1.315
-20.435,-5.342
-28.121,-9.641
-20.369,-0.772
-5.162,10.841
11.117,17.852
28.035,20.439
34.962,17.074
28.862,9.175
23.654,3.899
23.172,4.387
14.618,3.080
9.375,0.580
10.634,-4.236
6.427,-12.355
1.328,-15.701
4.347,-9.175
7.072,-2.756
-9.515,-5.684
-26.699,-10.735
-27.510,-10.210
-32.887,-8.519
-44.125,-4.548
-46.970,-1.580
-35.657,-4.253
-14.919,-6.630
0.689,-4.164
2.555,-1.901
4.338,-0.478
11.747,1.119
19.447,-2.252
25.449,1.674
28.266,12.092
22.652,12.798
14.907,4.144
7.793,-7.573
1.045,-10.475
-2.077,-1.996
-7.648,-1.119
-15.709,-9.843
-16.668,-10.380
-18.828,-3.106
-29.560,-3.418
-36.523,-15.080
-36.131,-14.959
-30.060,-2.871
-11.339,8.298
10.421,17.874
13.731,18.122
7.720,7.840
15.487,0.932
30.022,5.323
26.014,6.665
12.151,0.152
6.417,-4.997
12.456,-4.165
18.628,0.023
18.688,4.650
18.136,7.636
11.537,4.060
-0.736,-5.676
-12.849,-20.956
-12.456,-22.595
-1.811,-4.368
0.230,-3.555
-15.506,-26.430
-37.946,-30.615
-42.524,-4.035
-30.413,10.708
-17.169,5.809
-0.646,9.143
21.347,22.838
38.036,32.113
36.890,30.301
28.184,21.729
25.777,17.298
26.447,18.260
22.568,15.315
17.584,8.932
11.389,2.600
3.864,1.521
-1.158,1.322
-2.750,1.166
-14.425,0.528
-31.227,4.451
-33.750,5.787
-17.710,3.168
-4.547,2.823
-14.461,-0.265
-19.062,8.122
-15.076,12.916
-14.202,2.319
-2.018,7.078
12.026,22.523
9.490,22.435
3.331,14.668
13.568,-3.901
22.126,-23.122
2.880,-21.511
-10.697,-9.039
1.620,-11.162
12.632,-19.910
3.032,-24.893
-10.686,-25.410
-11.410,-17.085
-11.113,-11.469
-18.427,-15.252
-18.829,-14.751
-19.050,-19.441
-35.634,-39.348
-45.568,-46.683
-33.383,-33.278
-17.943,-16.620
-1.510,-6.714
6.433,-6.422
1.571,-11.981
5.837,-6.423
31.594,7.583
49.593,5.000
37.410,-7.772
13.356,-17.425
3.138,-22.257
4.864,-23.824
16.177,-17.888
34.118,-5.165
29.048,4.875
-2.731,4.009
-21.809,-2.081
-22.308,-8.751
-18.310,-8.570
-16.653,-3.584
-18.920,1.143
-17.812,3.007
-3.638,1.028
17.724,5.713
27.053,7.575
23.655,-3.154
28.275,-3.996
39.105,8.277
42.158,17.004
34.576,16.863
23.394,12.216
20.992,12.804
30.480,16.912
30.568,9.049
13.135,-3.789
-7.908,-9.659
-10.934,-2.015
0.954,6.028
10.154,4.081
-1.625,0.085
-21.344,4.046
-24.462,9.113
-18.110,2.458
-15.143,-5.010
-11.733,1.219
-1.460,16.339
5.369,17.369
9.088,9.927
13.606,11.370
11.221,21.570
5.330,25.062
2.784,14.120
9.197,6.714
22.274,11.638
28.654,14.905
20.292,8.277
10.502,0.896
19.799,0.377
15.032,2.517
-9.788,4.205
-21.543,3.260
-12.911,5.308
-6.826,12.342
-9.514,15.299
-7.995,23.955
-24.577,18.342
-43.285,-3.669
-36.118,-15.490
-9.735,-4.172
10.250,10.760
11.880,8.113
22.005,1.262
46.143,4.144
44.857,8.362
11.039,6.403
-5.183,-0.609
11.639,-7.824
23.917,-7.716
4.823,-6.692
-13.543,-4.894
-6.919,4.134
-1.342,9.382
-5.802,8.043
-9.949,-2.380
-24.715,-12.482
-36.032,-11.888
-25.340,-8.139
-12.609,-9.786
-20.787,-15.204
-29.135,-13.299
-19.638,-11.676
-6.090,-22.645
1.896,-30.331
3.634,-22.020
6.694,-11.477
9.759,-15.309
7.631,-20.957
1.118,-20.600
-8.730,-26.244
-1.015,-20.074
7.704,-6.182
-6.745,-9.075
-14.270,-21.282
-9.908,-24.846
-6.288,-21.102
-12.409,-19.153
-24.684,-17.898
-22.130,-19.714
-17.263,-27.719
-23.554,-28.367
-37.699,-16.773
-39.185,-0.346
-19.662,-2.347
0.177,-15.691
7.384,-18.984
6.215,-18.535
7.694,-19.398
9.607,-15.652
3.089,-12.682
-1.532,-15.831
-5.590,-20.729
-7.196,-18.035
-1.329,-10.121
-1.476,-5.919
-8.920,-5.932
-11.232,-10.197
-3.445,-4.108
-0.364,5.252
-15.742,-2.780
-23.458,-8.561
-8.069,0.671
5.701,11.163
1.460,10.359
-10.208,-2.970
-8.653,-9.876
2.070,-5.808
6.525,-5.735
10.387,-4.195
15.097,-1.091
14.090,-5.317
8.270,-11.490
3.029,-12.743
0.394,-14.621
-4.646,-17.569
-11.252,-16.192
-12.618,-11.025
-4.899,-2.322
7.286,-0.874
8.457,-8.772
3.927,-14.552
0.534,-13.165
-1.950,-6.043
2.620,0.559
6.157,1.233
2.404,2.147
-2.189,3.853
3.270,5.250
4.660,4.349
3.154,4.892
8.918,8.563
10.298,5.893
6.022,-3.066
6.318,-4.595
10.447,0.486
10.711,3.724
6.720,2.680
7.382,1.351
12.890,4.154
12.384,6.259
4.852,4.450
-1.516,-0.208
0.195,-1.908
0.958,1.965
-3.395,3.900
-8.777,-1.674
-6.488,-1.276
2.657,5.921
9.643,14.157
12.418,19.161
9.202,16.404
-1.299,9.103
-11.934,4.197
-13.339,2.109
-2.995,3.057
4.319,5.463
-10.569,4.724
-18.538,2.973
-8.564,2.447
-7.083,0.829
-15.110,-1.885
-13.607,-4.105
-8.541,-5.967
-9.305,-9.052
-11.845,-9.631
-14.000,-7.895
-11.604,-4.630
-2.600,2.720
3.362,7.065
-1.383,-0.132
-7.494,-4.615
-4.903,0.754
-0.140,7.492
-0.613,9.854
1.965,9.915
14.909,9.019
14.286,6.823
-4.669,4.584
-11.959,3.443
-5.575,3.076
-4.813,0.547
-5.494,0.620
0.405,4.915
-0.255,3.450
-1.495,0.179
0.055,5.561
-6.281,9.782
-7.835,4.984
1.895,1.768
13.070,7.048
14.402,13.225
2.996,11.623
-10.197,8.520
-6.713,10.361
2.998,10.634
2.386,7.174
-3.501,1.553
0.513,1.622
10.556,6.188
8.618,4.619
-1.246,-1.015
-9.081,-3.488
-11.395,-1.152
-0.216,4.805
6.824,2.764
-2.111,-1.382
-8.109,-2.124
0.656,0.685
4.750,3.029
-3.254,3.662
-6.164,6.749
-2.429,11.533
2.720,15.118
6.158,16.768
2.673,13.148
-5.916,4.564
-11.154,-4.048
-8.080,-5.720
0.335,-0.432
5.074,4.963
10.633,7.749
16.133,8.666
2.259,9.492
-13.278,4.143
-9.852,-2.421
-1.719,-0.815
-1.779,4.664
0.461,7.907
5.650,9.283
5.826,12.123
4.437,15.059
-3.184,12.182
-5.818,9.974
2.185,12.265
8.242,11.823
8.933,9.939
6.848,11.183
0.849,9.452
-1.514,3.308
3.832,0.963
10.027,4.136
9.320,5.536
2.204,5.333
0.311,6.265
2.704,6.234
0.727,4.956
-1.498,4.346
1.611,5.556
3.089,8.766
-2.201,8.897
-7.775,1.365
-8.377,-6.540
-1.446,-2.443
15.985,11.963
18.920,15.693
-0.097,6.408
-9.345,0.353
-3.848,1.047
-4.682,0.469
-11.665,-1.910
-16.025,-4.776
-14.717,-6.097
-8.487,-5.464
-5.676,-3.776
-4.507,-0.141
3.199,3.319
9.159,2.403
-0.170,1.969
-9.498,1.935
-4.735,-2.128
2.204,-3.539
2.092,1.113
-2.383,4.062
-8.465,-0.286
-7.706,-7.124
0.318,-9.890
1.506,-8.269
-4.988,-5.946
-1.224,-4.006
8.455,-2.145
6.294,-3.096
-0.932,-7.056
-9.510,-7.689
-12.916,-3.105
-7.061,2.743
2.051,2.254
5.948,0.960
6.083,5.177
1.239,9.788
-1.098,10.360
3.364,8.430
6.689,6.281
5.219,3.401
3.177,-0.154
-1.732,-3.915
-4.239,-6.911
3.121,-4.622
11.428,2.179
5.668,4.305
-5.074,-0.588
-9.658,-4.490
-6.042,-2.563
0.336,0.268
0.068,1.858
-5.851,4.090
-6.610,3.405
-2.306,0.153
1.946,1.654
3.247,6.889
1.983,8.013
1.747,5.818
6.728,4.243
7.678,0.915
-1.773,-4.661
-6.301,-4.847
-2.280,-0.946
-1.185,-1.345
0.372,-3.282
3.612,-4.970
-0.370,-7.936
-4.007,-10.435
1.023,-9.943
5.645,-8.169
1.078,-10.633
1.851,-11.720
4.264,-12.776
-5.689,-14.172
-15.526,-15.506
-20.489,-16.322
-15.634,-13.051
-1.256,-7.749
9.232,-8.340
3.179,-11.402
-7.718,-10.285
-5.438,-3.853
-3.408,-1.216
-5.819,-8.616
-5.002,-13.154
-2.856,-8.659
-1.314,-7.088
0.022,-11.090
-2.215,-12.066
-3.959,-8.124
-0.422,-2.864
9.655,2.559
12.976,2.652
3.201,-0.803
-4.757,-0.064
-1.370,6.210
2.473,7.471
-0.195,3.101
2.335,5.280
12.825,9.345
14.777,6.190
0.359,-0.080
-4.269,-2.538
0.310,-4.846
1.401,-5.834
8.458,-1.979
18.743,0.432
21.017,2.256
14.856,6.350
9.718,8.761
6.606,11.640
2.604,15.213
-0.944,13.743
-1.821,10.947
-0.711,12.263
3.364,16.842
6.289,17.104
4.687,15.111
3.419,13.726
1.643,8.839
-4.845,2.504
-7.855,1.838
-2.367,4.102
6.761,4.280
7.841,4.698
1.082,5.157
-0.613,1.690
-1.173,-0.909
-8.987,-0.229
-9.762,2.802
0.439,7.077
5.184,9.858
2.990,10.356
-4.927,7.732
-6.468,4.605
-0.423,3.068
3.760,3.127
2.942,3.403
-0.625,-2.224
-5.061,-9.917
-6.479,-11.738
-2.301,-12.267
5.515,-14.699
10.096,-13.270
-1.300,-11.265
-14.675,-14.846
-14.086,-14.108
-8.391,-6.700
-5.107,0.824
-5.804,2.506
-7.716,-1.121
-4.171,-2.798
3.025,-2.513
5.985,-1.674
0.526,-0.009
-4.434,3.662
-4.303,3.441
-4.523,-4.367
-6.740,-8.819
-5.058,-6.382
0.249,-3.667
0.364,-4.596
-4.057,-5.345
-6.542,-3.666
-4.667,-3.441
2.928,-1.885
3.740,2.112
-4.027,4.209
-9.569,1.978
-4.281,-0.859
5.933,1.102
11.301,8.130
11.807,10.388
4.340,5.812
-8.121,2.755
-14.300,4.138
-10.118,1.916
-3.569,-4.377
-7.885,-8.323
-10.818,-8.498
-1.024,-2.943
3.971,0.443
-1.437,-1.618
-2.789,-3.537
0.184,-4.882
-1.416,-7.237
-4.985,-8.101
-6.917,-6.777
-4.020,-1.554
2.547,4.053
5.078,6.705
4.678,8.444
2.958,6.552
-3.119,2.165
-7.061,-1.701
-3.237,-6.384
5.061,-10.202
9.714,-9.105
7.331,-4.312
-1.810,-0.582
-4.837,-0.221
-4.367,-5.340
-4.698,-10.500
-5.217,-7.538
-7.762,-5.022
-3.848,-5.956
7.934,-4.098
11.263,-1.180
-0.615,-0.660
-9.480,-1.919
-2.151,-2.855
8.173,0.117
8.469,3.987
2.517,5.397
-0.633,4.704
1.257,3.224
4.179,0.182
3.846,-0.694
2.061,1.337
-1.029,1.750
2.560,2.369
11.324,2.541
19.756,3.145
22.937,6.717
14.709,11.378
0.942,12.643
-6.675,7.359
-2.860,2.241
3.247,4.945
2.812,9.754
0.774,10.916
5.123,9.467
8.504,4.622
5.331,-0.133
1.056,-0.842
-1.086,1.437
-1.941,-0.801
-2.110,-4.947
-1.198,-6.408
-2.757,-8.040
-5.210,-10.649
-4.321,-8.990
0.305,-3.652
1.688,-1.092
-2.248,-0.423
-2.541,-0.146
7.589,1.882
11.287,3.677
3.279,2.851
-5.163,3.191
-5.991,4.513
-1.511,3.304
3.184,1.420
7.645,3.138
9.848,5.619
4.206,0.199
0.644,-7.102
8.553,-8.694
11.801,-5.810
-1.680,-2.633
-7.742,1.722
0.489,1.770
8.415,-3.134
8.085,-2.124
3.556,5.186
6.070,10.937
12.194,11.465
6.959,7.065
-2.447,1.935
2.835,3.432
6.653,5.740
-7.980,-0.338
-16.189,-8.680
-7.653,-11.237
-2.817,-9.560
-8.725,-8.681
-11.602,-13.412
-4.211,-16.939
8.151,-13.859
8.471,-10.403
-5.642,-11.933
-11.672,-15.090
0.566,-10.612
8.884,-8.373
-1.032,-15.273
-4.377,-14.099
3.048,-3.880
5.299,-2.282
0.238,-10.158
-4.830,-13.774
-7.861,-10.775
-1.444,-4.846
7.983,-1.986
2.085,-3.255
-6.770,-3.618
-6.363,-4.238
-4.039,-4.604
-6.255,-5.263
-7.207,-4.121
-2.472,-0.982
1.684,0.261
-0.467,3.427
-5.089,5.008
-7.732,-1.764
-8.760,-6.325
-4.764,0.079
1.526,8.087
-2.842,4.776
-4.578,-2.283
1.768,-1.493
3.526,4.148
4.770,10.386
9.883,13.244
9.620,7.412
3.256,0.292
-5.909,0.769
-12.330,5.023
-7.995,6.856
-1.439,5.056
0.718,6.518
0.530,8.762
1.436,7.901
2.357,6.192
2.736,5.605
6.726,6.336
2.914,7.012
-3.231,7.651
-2.979,8.284
-1.383,7.176
1.751,5.566
7.849,8.347
9.966,9.368
5.269,5.936
-0.440,3.938
-0.143,3.190
4.325,2.108
3.827,2.147
-0.751,2.129
2.940,2.502
9.320,4.729
11.228,5.865
11.855,1.859
-5.507,-2.869
-23.409,-2.354
-15.059,1.311
3.324,1.446
11.580,1.908
10.032,1.697
6.563,-1.647
6.108,-5.386
8.306,-6.024
3.867,-6.369
-1.773,-5.492
-3.929,-1.835
-8.754,-0.971
-5.081,-1.045
1.371,-0.325
1.035,2.075
1.504,4.608
7.157,2.267
8.825,-3.286
3.134,-6.620
-5.110,-7.272
1.434,-5.596
15.630,-3.797
8.347,-3.322
-6.283,-2.744
-6.124,0.331
0.557,4.748
-0.576,6.480
-2.040,2.455
1.766,-1.520
2.410,-3.267
-0.997,-7.911
-4.083,-12.432
-2.393,-8.190
4.359,0.333
7.267,1.860
1.345,-2.113
-7.010,-3.738
-7.846,-2.013
0.823,1.731
15.212,4.446
18.331,6.473
1.340,5.405
-12.642,2.380
-8.671,3.630
0.183,7.269
-3.456,4.189
-12.855,-2.431
-14.623,-5.382
-9.026,-4.084
-0.565,0.716
6.774,6.329
8.204,7.812
3.787,0.293
2.680,-6.596
3.215,-3.259
1.190,4.952
-3.933,7.966
-8.990,9.235
-5.144,9.963
1.131,9.849
2.975,9.242
7.637,8.305
12.010,3.853
3.626,-3.365
-2.870,-4.751
-5.514,-1.992
-9.787,0.373
-10.236,-0.376
-6.227,-5.401
1.157,-11.741
1.809,-11.991
-7.835,-6.553
-14.078,-4.653
-6.500,-3.821
8.270,3.983
10.574,9.474
-1.805,7.427
-4.652,6.457
6.075,6.929
7.026,3.064
0.269,-3.751
-0.395,-5.859
1.099,-1.507
-1.498,-2.233
-2.716,-7.143
0.986,-2.713
-1.275,4.422
-7.125,0.302
-2.178,-4.441
8.037,0.800
4.132,7.161
-2.202,9.683
-2.814,7.849
2.022,4.415
8.659,4.853
14.353,8.442
18.366,10.623
13.209,10.209
-1.049,8.661
-9.896,7.449
-10.079,7.619
-5.957,6.155
-0.275,6.608
2.506,8.260
2.262,5.826
4.527,-0.883
6.127,-4.957
4.674,-4.638
-2.059,-1.890
-7.674,0.472
-3.187,1.755
-0.849,1.092
-3.960,-1.246
-6.414,-5.241
-10.840,-7.664
-10.558,-3.993
-4.071,3.260
5.022,10.751
13.938,14.556
17.952,13.325
19.306,11.845
13.038,12.136
3.216,11.291
6.554,5.715
8.461,-1.300
1.071,-5.500
-2.035,-4.234
0.356,0.682
2.330,2.360
7.893,0.689
13.775,2.436
5.380,7.808
-3.875,12.844
-4.285,10.003
-0.649,1.492
-1.084,-3.287
-5.780,-1.515
-3.215,3.836
3.329,6.923
5.127,6.802
0.414,5.818
-2.931,9.028
4.767,14.583
9.948,9.759
1.630,-3.195
-4.921,-8.670
-7.502,-5.644
-9.100,-1.577
-3.957,0.751
9.189,1.613
16.075,4.170
10.627,5.752
5.791,4.576
6.285,2.230
6.410,-0.219
2.909,0.765
2.814,4.262
1.192,2.504
-2.159,-2.848
-4.085,-6.485
-1.680,-3.989
5.314,1.514
9.383,5.661
8.040,6.675
0.866,2.090
-1.629,-4.668
6.333,-3.012
11.475,4.681
10.289,8.262
5.575,4.415
2.810,0.534
3.235,2.341
0.847,5.608
-0.854,7.748
2.262,5.509
5.899,1.487
6.048,-1.838
0.556,-4.262
-1.699,-4.921
1.973,-2.370
-3.069,1.225
-6.610,0.325
-5.043,-2.972
-8.074,-5.961
-12.155,-7.830
-5.330,-1.921
6.043,4.191
10.713,2.626
6.453,-2.286
-3.034,-4.401
-9.667,-2.535
-8.179,-1.838
-1.743,-5.242
5.309,-5.687
5.549,-1.338
5.599,3.987
7.999,2.964
9.262,-1.779
9.428,-0.214
9.164,6.060
9.708,6.316
11.392,4.638
7.545,4.733
-1.152,4.330
-3.680,7.202
2.485,11.074
2.032,7.899
-3.804,0.345
-2.278,1.220
-4.170,4.870
-8.320,3.108
-3.159,-0.094
2.583,-1.186
-1.885,-0.211
-5.606,2.635
-3.189,4.966
4.828,8.606
5.957,9.133
-1.461,5.661
-5.556,3.557
-6.188,2.706
-5.296,4.005
-1.432,5.941
-0.938,5.391
-2.154,2.502
-5.954,-4.840
-9.698,-10.255
-7.247,-8.059
5.806,1.242
10.622,5.965
4.129,3.998
0.834,4.225
-2.165,1.745
-2.592,0.190
1.444,2.953
3.890,4.156
0.382,2.175
-0.485,2.215
-3.538,-2.433
-10.169,-11.047
-9.598,-11.820
-5.426,-4.080
-4.204,2.298
-1.988,2.965
-0.879,1.815
-2.362,1.970
-3.210,2.196
-1.287,0.886
6.007,-1.480
5.364,-0.736
-4.888,2.876
-12.522,-0.848
-10.477,-5.649
-4.589,-5.152
-4.310,-6.160
-8.307,-6.976
-4.316,-5.814
4.894,-3.932
8.902,-3.985
7.501,-5.053
-3.452,-5.789
-15.012,-4.920
-10.397,-4.732
5.742,-5.016
7.401,-2.470
-8.690,2.783
-15.575,3.290
-9.994,-4.767
-3.011,-7.519
-4.816,-2.033
-8.174,-0.548
-12.245,-8.674
-14.792,-16.741
-7.480,-14.459
-1.172,-7.732
-2.073,-5.564
-7.156,-7.025
-14.443,-5.804
-13.739,-3.902
-4.881,-4.014
2.881,-1.933
1.397,-2.085
-3.413,-7.553
0.598,-8.516
7.008,-3.858
6.746,-3.759
-1.382,-5.988
-8.081,-7.797
-3.516,-11.001
6.481,-8.795
7.814,-2.914
5.714,-1.111
8.487,0.389
11.853,1.942
7.795,1.061
0.847,1.503
-5.895,2.304
-14.839,-3.158
-10.939,-3.539
-4.364,-1.189
-8.314,-1.099
-9.296,2.431
-3.035,0.450
0.962,-7.939
-1.780,-11.668
-3.937,-3.646
-0.413,-1.798
0.861,-8.873
0.371,-7.373
2.119,-0.497
1.330,0.813
-5.914,-1.351
-8.925,-1.478
-5.809,-0.981
-0.666,-1.968
5.488,-1.757
7.904,3.923
-1.992,2.941
-10.465,-4.110
-3.394,-1.978
8.953,8.620
5.436,5.854
-5.667,-4.128
-1.480,-4.464
14.106,3.290
14.439,8.792
-0.043,7.906
-2.464,4.045
5.306,-0.819
8.542,-3.085
5.177,-1.357
2.725,-1.583
12.051,-3.119
14.281,-4.802
